<Hierarchy>:
	<Frame>: 0 0 Shadowaa
		<Transform>: 0 0 0 0 0 0 1 1 1 0 0 0 1  
		<TransformMatrix>: 1 0 0 0 0 1 0 0 0 0 1 0 0 0 0 1  
		<Children>: 17
			<Frame>: 1 0 Rig01
				<Transform>: 0 0 0 0 270 270 1 1 1 0.5000001 -0.5000001 -0.5 0.5  
				<TransformMatrix>: 0 -1 0 0 -1.788139E-07 0 1 0 -1 0 -2.384186E-07 0 0 0 0 1  
				<Children>: 0
			</Frame>
			<Frame>: 2 0 RigHair1Gizmo
				<Transform>: -1.223302E-07 2.192947 -0.01255259 1.707547E-06 270 271.5063 1 1 1 0.4933846 -0.5065291 -0.4933845 0.506529  
				<TransformMatrix>: 0 -0.9996544 0.02628672 0 -1.490116E-07 0.02628672 0.9996544 0 -1 -2.980232E-08 -1.192093E-07 0 -1.223302E-07 2.192947 -0.01255259 1  
				<Children>: 0
			</Frame>
			<Frame>: 3 0 RigHair2Gizmo
				<Transform>: -1.224826E-07 2.325583 -0.01604038 1.707547E-06 270 278.3964 1 1 1 0.4620549 -0.535262 -0.4620548 0.5352619  
				<TransformMatrix>: 0 -0.9892815 0.1460214 0 -1.490116E-07 0.1460213 0.9892815 0 -1 -2.980232E-08 -2.384186E-07 0 -1.224826E-07 2.325583 -0.01604038 1  
				<Children>: 0
			</Frame>
			<Frame>: 4 0 RigHeadGizmo
				<Transform>: -1.236904E-07 1.79459 -0.04367026 0 270 270 1 1 1 0.5000001 -0.5000001 -0.5 0.5  
				<TransformMatrix>: 0 -1 0 0 -1.788139E-07 0 1 0 -1 0 -2.384186E-07 0 -1.236904E-07 1.79459 -0.04367026 1  
				<Children>: 0
			</Frame>
			<Frame>: 5 0 RigJawGizmo
				<Transform>: -1.185768E-07 1.845164 0.07331573 -1.109906E-05 270 165 1 1 1 -0.7010574 -0.09229584 0.7010574 0.09229598  
				<TransformMatrix>: 5.960464E-08 0.2588189 -0.9659258 0 -1.937151E-07 -0.9659258 -0.2588189 0 -1 1.937151E-07 5.960464E-08 0 -1.185768E-07 1.845164 0.07331573 1  
				<Children>: 0
			</Frame>
			<Frame>: 6 0 RigLArm1Gizmo
				<Transform>: -0.5131716 1.533616 -0.04561765 40.11912 91.19679 95.50807 1 1 1 0.6581492 0.2735427 0.3217766 0.6232767  
				<TransformMatrix>: 0.6432683 0.7611756 0.08256847 0 -0.04104787 -0.07340121 0.9964575 0 0.7645397 -0.6443788 -0.01597214 0 -0.5131716 1.533616 -0.04561765 1  
				<Children>: 0
			</Frame>
			<Frame>: 7 0 RigLArm2Gizmo
				<Transform>: -0.8433187 1.142955 -0.08799459 18.25878 110.8509 89.92461 0.9999997 1 1 0.6381788 0.5116015 0.3034848 0.4887625  
				<TransformMatrix>: 0.2923217 0.9496502 -0.1127481 0 0.3563225 0.001249552 0.9343624 0 0.8874587 -0.3133094 -0.3380167 0 -0.8433187 1.142955 -0.08799459 1  
				<Children>: 0
			</Frame>
			<Frame>: 8 0 RigLArmPalmGizmo
				<Transform>: -0.9128095 0.917204 -0.06119208 -0.0001673526 0.009604493 91.35217 1.000001 1 0.9999992 5.894094E-05 5.960752E-05 0.7154012 0.698714  
				<TransformMatrix>: -0.02359774 0.9997225 1.035624E-06 0 -0.9997217 -0.02359772 0.0001676523 0 0.0001676299 2.920851E-06 0.9999992 0 -0.9128095 0.917204 -0.06119208 1  
				<Children>: 0
			</Frame>
			<Frame>: 9 0 RigLLegPlatform
				<Transform>: -0.3766366 9.711292E-10 -0.02221657 0 270 270 1 1 1 0.5000001 -0.5000001 -0.5 0.5  
				<TransformMatrix>: 0 -1 0 0 -1.788139E-07 0 1 0 -1 0 -2.384186E-07 0 -0.3766366 9.711292E-10 -0.02221657 1  
				<Children>: 0
			</Frame>
			<Frame>: 10 0 RigPelvis01
				<Transform>: 2.542602E-14 0.7270307 -7.094776E-08 0 270 270 1 1 1 0.5000001 -0.5000001 -0.5 0.5  
				<TransformMatrix>: 0 -1 0 0 -1.788139E-07 0 1 0 -1 0 -2.384186E-07 0 2.542602E-14 0.7270307 -7.094776E-08 1  
				<Children>: 3
					<Frame>: 11 0 RigLLeg101
						<Transform>: 0.09855209 1.471938E-08 0.2392235 357.0051 164.9974 353.6299 1 1 1 -0.05847291 0.9893829 0.01861763 0.1317418  
						<TransformMatrix>: -0.9584501 -0.1107987 -0.2628634 0 -0.1206096 0.9924686 0.02143328 0 0.2585088 0.05224657 -0.9645951 0 0.09855209 1.471938E-08 0.2392235 1  
						<Children>: 1
							<Frame>: 12 0 RigLLeg202
								<Transform>: -0.2383723 -9.536743E-09 -1.525879E-07 0.9896449 359.7001 13.2738 0.9999989 1.000001 1 0.008275772 -0.003597887 0.1155946 0.9932555  
								<TransformMatrix>: 0.9732488 0.2295702 0.009060502 0 -0.2296898 0.9731396 0.01560813 0 -0.005233973 -0.0172717 0.9998373 0 -0.2383723 -9.536743E-09 -1.525879E-07 1  
								<Children>: 1
									<Frame>: 13 0 RigLLegAnkle
										<Transform>: -0.2878958 3.576279E-09 3.814697E-08 3.794647 15.08331 295.2067 0.999994 0.999998 1.000008 -0.04256701 0.1283442 -0.5345208 0.8342682  
										<TransformMatrix>: 0.3956282 -0.9027884 -0.16864 0 0.8809391 0.4249503 -0.2082295 0 0.2596549 -0.06618121 0.9634393 0 -0.2878958 3.576279E-09 3.814697E-08 1  
										<Children>: 1
											<Frame>: 14 0 RigLLegToes1
												<Transform>: -0.2386324 0 0 5.862012E-06 -2.388924E-06 328.6479 1 1 1 5.488585E-08 -6.249706E-09 -0.2701981 0.9628047  
												<TransformMatrix>: 0.853986 -0.520296 -1.762561E-08 0 0.520296 0.853986 1.09066E-07 0 -4.16946E-08 -1.023114E-07 1 0 -0.2386324 0 0 1  
												<Children>: 0
											</Frame>
									</Frame>
							</Frame>
					</Frame>
					<Frame>: 15 0 RigRLeg101
						<Transform>: 0.09855217 1.471938E-08 -0.2392235 2.994885 195.0028 353.6295 1 1 1 -0.05847644 0.9893824 -0.01861716 -0.1317438  
						<TransformMatrix>: -0.9584482 -0.1108057 0.2628674 0 -0.1206165 0.9924678 -0.02143116 0 -0.2585128 -0.05224681 -0.964594 0 0.09855217 1.471938E-08 -0.2392235 1  
						<Children>: 1
							<Frame>: 16 0 RigRLeg202
								<Transform>: -0.2383723 0 7.629394E-08 359.0111 0.299655 13.27393 1.000001 0.9999991 0.9999999 -0.008269715 0.00359477 0.1155957 0.9932554  
								<TransformMatrix>: 0.9732505 0.229573 -0.009052947 0 -0.2296914 0.9731376 -0.01559678 0 0.005229163 0.01725896 0.9998373 0 -0.2383723 0 7.629394E-08 1  
								<Children>: 1
									<Frame>: 17 0 RigRLegAnkle
										<Transform>: -0.2878958 4.768371E-09 -3.814697E-08 356.205 344.9171 295.2079 1.000006 1.000002 0.999992 0.04256095 -0.1283438 -0.5345121 0.8342742  
										<TransformMatrix>: 0.3956517 -0.9027895 0.1686501 0 0.8809361 0.4249716 0.208218 0 -0.2596444 0.06618708 0.9634252 0 -0.2878958 4.768371E-09 -3.814697E-08 1  
										<Children>: 1
											<Frame>: 18 0 RigRLegToes1
												<Transform>: -0.2386324 0 3.814697E-08 -5.862012E-06 2.388926E-06 328.6479 1 1 1 -5.488586E-08 6.249718E-09 -0.2701981 0.9628047  
												<TransformMatrix>: 0.853986 -0.520296 1.762559E-08 0 0.520296 0.853986 -1.090661E-07 0 4.169463E-08 1.023114E-07 1 0 -0.2386324 0 3.814697E-08 1  
												<Children>: 0
											</Frame>
									</Frame>
							</Frame>
					</Frame>
					<Frame>: 19 0 RigSpine1
						<Transform>: -0.06059067 -0.1086684 2.115851E-08 2.374972E-08 4.805109E-07 0.7142581 1 1 1 2.33388E-10 4.191875E-09 0.006233037 0.9999806  
						<TransformMatrix>: 0.9999225 0.01246583 -8.380679E-09 0 -0.01246583 0.9999225 5.190233E-10 0 8.386497E-09 -4.145108E-10 1 0 -0.06059067 -0.1086684 2.115851E-08 1  
						<Children>: 1
							<Frame>: 20 0 RigSpine2
								<Transform>: -0.3047829 9.536743E-09 0 -5.061365E-07 2.785855E-06 20.47472 0.9999995 0.9999995 1 -2.581907E-11 2.470913E-08 0.1777264 0.98408  
								<TransformMatrix>: 0.9368262 0.3497939 -4.864068E-08 0 -0.3497939 0.9368262 8.732112E-09 0 4.862235E-08 8.833749E-09 1 0 -0.3047829 9.536743E-09 0 1  
								<Children>: 1
									<Frame>: 21 0 RigSpine3
										<Transform>: -0.2239293 -3.814697E-08 -4.547473E-15 -1.302124E-06 -6.298445E-06 339.0449 1 1 1 -1.178431E-09 -5.611424E-08 -0.1818504 0.9833263  
										<TransformMatrix>: 0.9338608 -0.3576365 1.107858E-07 0 0.3576365 0.9338608 1.809123E-08 0 -1.099286E-07 2.272636E-08 1 0 -0.2239293 -3.814697E-08 -4.547473E-15 1  
										<Children>: 1
											<Frame>: 22 0 RigRibcage01
												<Transform>: -0.2892522 0 0 -5.792071E-07 2.113518E-06 354.7661 1 1 1 -5.891379E-09 1.819391E-08 -0.04565815 0.9989572  
												<TransformMatrix>: 0.9958308 -0.09122107 -3.58119E-08 0 0.09122107 0.9958308 -1.343187E-08 0 3.688785E-08 1.010907E-08 1 0 -0.2892522 0 0 1  
												<Children>: 3
													<Frame>: 23 0 RigLArmCollarbone
														<Transform>: -0.07210739 0.3802841 0.1346824 2.370859 108.3598 29.85698 1 1 1 0.2205422 0.780204 0.1345248 0.5696895  
														<TransformMatrix>: -0.2536304 0.4974105 -0.8296112 0 0.1908611 0.8665285 0.4611948 0 0.9482847 -0.04136749 -0.3147143 0 -0.07210739 0.3802841 0.1346824 1  
														<Children>: 1
															<Frame>: 24 0 RigLArm101
																<Transform>: -0.4562248 -1.907349E-08 -1.525879E-07 11.24121 30.04847 334.0637 0.9999999 1 1 0.0342867 0.272629 -0.2404381 0.9309605  
																<TransformMatrix>: 0.7357259 -0.4289815 -0.5241012 0 0.4663718 0.882028 -0.06726165 0 0.491126 -0.1949399 0.8489959 0 -0.4562248 -1.907349E-08 -1.525879E-07 1  
																<Children>: 1
																	<Frame>: 25 0 RigLArm202
																		<Transform>: -0.5132338 4.768371E-08 -4.577637E-07 20.50312 18.9698 348.043 0.9999995 1 1.000001 0.1576931 0.1795582 -0.1302591 0.9622496  
																		<TransformMatrix>: 0.9015824 -0.1940533 -0.3866413 0 0.3073137 0.9163309 0.2567021 0 0.3044778 -0.3502586 0.885784 0 -0.5132338 4.768371E-08 -4.577637E-07 1  
																		<Children>: 1
																			<Frame>: 26 0 RigLArmPalm01
																				<Transform>: -0.2377201 -8.773803E-07 9.155273E-07 290.8753 198.4469 181.1511 1.000002 1 0.9999983 -0.8119076 0.09909068 0.1376145 0.5586137  
																				<TransformMatrix>: 0.9424883 -0.007158307 -0.3341679 0 -0.3146516 -0.3562637 -0.879813 0 -0.1127535 0.9343566 -0.3380255 0 -0.2377201 -8.773803E-07 9.155273E-07 1  
																				<Children>: 4
																					<Frame>: 27 0 RigLArmDigit11
																						<Transform>: -0.05972793 -0.01285599 0.1883209 29.26051 61.70522 14.76405 0.9999973 1 1.000003 0.2787947 0.4642302 -0.02173134 0.8404116  
																						<TransformMatrix>: 0.5680345 0.2223227 -0.7924039 0 0.2953764 0.8436025 0.4484279 0 0.7681741 -0.4887828 0.4135288 0 -0.05972793 -0.01285599 0.1883209 1  
																						<Children>: 1
																							<Frame>: 28 0 RigLArmDigit12
																								<Transform>: -0.07123134 -3.051758E-07 7.629394E-08 358.9045 354.8709 2.052516 0.9999973 0.9999996 1.000003 -0.01035013 -0.04456469 0.01746417 0.9988002  
																								<TransformMatrix>: 0.9954153 0.03580885 0.08866069 0 -0.03396393 0.9991753 -0.02223199 0 -0.08938424 0.01911891 0.9958169 0 -0.07123134 -3.051758E-07 7.629394E-08 1  
																								<Children>: 1
																									<Frame>: 29 0 RigLArmDigit13
																										<Transform>: -0.08143299 -2.288818E-07 3.814697E-08 345.5804 354.1939 6.539487 0.999998 0.9999981 1.000004 -0.1280036 -0.0430148 0.05016734 0.9895697  
																										<TransformMatrix>: 0.991264 0.1103 0.07228894 0 -0.08827588 0.9621948 -0.2576523 0 -0.09797587 0.249022 0.9635335 0 -0.08143299 -2.288818E-07 3.814697E-08 1  
																										<Children>: 0
																									</Frame>
																							</Frame>
																					</Frame>
																					<Frame>: 30 0 RigLArmDigit21
																						<Transform>: -0.2262035 -8.392334E-07 0.1311815 0.01898376 2.285372 3.830389 1.000002 0.9999998 0.9999987 0.0008320155 0.01992563 0.03341028 0.9992427  
																						<TransformMatrix>: 0.9969752 0.06680322 -0.03976556 0 -0.06673678 0.997766 0.002994212 0 0.03987663 -0.0003313287 0.9992033 0 -0.2262035 -8.392334E-07 0.1311815 1  
																						<Children>: 1
																							<Frame>: 31 0 RigLArmDigit22
																								<Transform>: -0.1023977 -2.288818E-07 -4.005432E-07 0.2842357 3.741802 15.10482 1.000002 0.9999989 0.9999993 0.006748551 0.03203843 0.1312823 0.9908042  
																								<TransformMatrix>: 0.9634791 0.2605831 -0.06171582 0 -0.2597174 0.9654378 0.02178512 0 0.0652595 -0.004960825 0.9978553 0 -0.1023977 -2.288818E-07 -4.005432E-07 1  
																								<Children>: 1
																									<Frame>: 32 0 RigLArmDigit23
																										<Transform>: -0.09782898 -7.629394E-08 -3.147125E-07 358.0175 359.3058 1.000397 1.000002 0.9999991 0.999999 -0.01735182 -0.005905315 0.008623748 0.9997948  
																										<TransformMatrix>: 0.9997838 0.01744893 0.01150896 0 -0.01703901 0.9992482 -0.03479835 0 -0.01210747 0.03459464 0.9993271 0 -0.09782898 -7.629394E-08 -3.147125E-07 1  
																										<Children>: 0
																									</Frame>
																							</Frame>
																					</Frame>
																					<Frame>: 33 0 RigLArmDigit31
																						<Transform>: -0.2262041 -5.340576E-07 -0.01345221 359.9876 358.6062 3.124153 1.000002 0.9999999 0.9999982 -0.0004400355 -0.01215559 0.02725666 0.9995545  
																						<TransformMatrix>: 0.9982209 0.05449986 0.02427642 0 -0.05447834 0.9985137 -0.001542321 0 -0.0243243 0.0002170368 0.9997023 0 -0.2262041 -5.340576E-07 -0.01345221 1  
																						<Children>: 1
																							<Frame>: 34 0 RigLArmDigit32
																								<Transform>: -0.1184964 -2.288818E-07 -4.386902E-07 0.08809441 1.390511 13.2536 1.000003 0.9999992 0.9999984 0.002163883 0.01196441 0.115384 0.9932466  
																								<TransformMatrix>: 0.9730895 0.2292618 -0.02326793 0 -0.2291575 0.9733629 0.007059536 0 0.02426654 -0.001537535 0.9997028 0 -0.1184964 -2.288818E-07 -4.386902E-07 1  
																								<Children>: 1
																									<Frame>: 35 0 RigLArmDigit33
																										<Transform>: -0.1113164 -1.525879E-07 -3.433227E-07 -0.0002498979 -3.316364E-05 3.623676 1.000003 0.9999991 0.9999983 -2.18883E-06 -2.203127E-07 0.03161727 0.9995001  
																										<TransformMatrix>: 0.9980035 0.0632031 3.019962E-07 0 -0.06320287 0.9979998 -4.389399E-06 0 -5.788137E-07 4.361533E-06 0.9999983 0 -0.1113164 -1.525879E-07 -3.433227E-07 1  
																										<Children>: 0
																									</Frame>
																							</Frame>
																					</Frame>
																					<Frame>: 36 0 RigLArmDigit41
																						<Transform>: -0.2262046 -7.629394E-08 -0.1644259 359.9568 354.7869 3.926358 1.000003 1 0.9999977 -0.00193459 -0.04543751 0.03420464 0.9983796  
																						<TransformMatrix>: 0.9935337 0.06847443 0.09059567 0 -0.06812263 0.9976526 -0.006971258 0 -0.0908599 0.0007545602 0.9958611 0 -0.2262046 -7.629394E-08 -0.1644259 1  
																						<Children>: 1
																							<Frame>: 37 0 RigLArmDigit42
																								<Transform>: -0.100626 -7.629394E-08 -3.623962E-07 0.137192 1.955873 11.9057 1.000003 0.9999995 0.999998 0.002960654 0.01685118 0.1036746 0.9944641  
																								<TransformMatrix>: 0.9779383 0.2063017 -0.03290201 0 -0.2061014 0.9784852 0.009382601 0 0.03412962 -0.002394445 0.9994125 0 -0.100626 -7.629394E-08 -3.623962E-07 1  
																								<Children>: 1
																									<Frame>: 38 0 RigLArmDigit43
																										<Transform>: -0.1147706 -7.629394E-08 -3.051758E-07 0.9246826 3.117905 4.198197 1.000003 0.9999993 0.9999984 0.00905734 0.0268909 0.03639385 0.9989346  
																										<TransformMatrix>: 0.9959076 0.07319748 -0.05306539 0 -0.07222299 0.9971862 0.02005269 0 0.05438368 -0.01613803 0.9983881 0 -0.1147706 -7.629394E-08 -3.051758E-07 1  
																										<Children>: 0
																									</Frame>
																							</Frame>
																					</Frame>
																			</Frame>
																	</Frame>
															</Frame>
													</Frame>
													<Frame>: 39 0 RigNeck01
														<Transform>: -0.05641311 0.08071236 -1.571605E-08 2.449185E-05 3.816845E-05 342.063 1 0.9999995 0.9999999 1.591941E-07 3.623292E-07 -0.1558911 0.9877743  
														<TransformMatrix>: 0.9513962 -0.3079704 -7.65433E-07 0 0.3079702 0.9513955 2.015278E-07 0 6.66165E-07 -4.274634E-07 0.9999999 0 -0.05641311 0.08071236 -1.571605E-08 1  
														<Children>: 1
															<Frame>: 40 0 RigHead01
																<Transform>: -0.168313 0 0 -1.188652E-05 -4.294411E-05 22.93697 0.9999998 1.000001 1 -1.761711E-07 -3.466513E-07 0.1988289 0.9800342  
																<TransformMatrix>: 0.9209338 0.3897182 6.094044E-07 0 -0.3897186 0.9209346 -4.831564E-07 0 -7.495163E-07 2.074589E-07 1 0 -0.168313 0 0 1  
																<Children>: 2
																	<Frame>: 41 0 RigHair101
																		<Transform>: -0.3983569 0.03111773 -6.058853E-09 -3.855085E-09 2.932417E-07 1.506284 1 1 1 -2.260957E-15 2.559237E-09 0.01314443 0.9999136  
																		<TransformMatrix>: 0.9996545 0.02628658 -5.118033E-09 0 -0.02628658 0.9996545 6.727488E-11 0 5.118033E-09 6.728393E-11 1 0 -0.3983569 0.03111773 -6.058853E-09 1  
																		<Children>: 1
																			<Frame>: 42 0 RigHair202
																				<Transform>: -0.1326827 0 0 -8.05699E-08 1.338332E-06 6.890135 1 1 1 -1.575083E-14 1.17003E-08 0.06009156 0.9981929  
																				<TransformMatrix>: 0.992778 0.1199659 -2.335831E-08 0 -0.1199659 0.992778 1.406147E-09 0 2.335831E-08 1.40621E-09 1 0 -0.1326827 0 0 1  
																				<Children>: 0
																			</Frame>
																	</Frame>
																	<Frame>: 43 0 RigJaw01
																		<Transform>: -0.05057449 0.116986 -2.277802E-08 -1.192248E-05 -1.315738E-05 255 1 1 1 2.775514E-08 -1.524409E-07 -0.7933534 0.6087614  
																		<TransformMatrix>: -0.2588192 -0.9659259 1.41561E-07 0 0.9659259 -0.2588192 2.756715E-07 0 -2.296396E-07 2.080865E-07 1 0 -0.05057449 0.116986 -2.277802E-08 1  
																		<Children>: 0
																	</Frame>
															</Frame>
													</Frame>
													<Frame>: 44 0 RigRArmCollarbone
														<Transform>: -0.07210739 0.3802842 -0.1346824 357.6292 251.6402 29.85697 1 1 1 -0.2205418 -0.7802041 0.1345253 0.5696894  
														<TransformMatrix>: -0.2536309 0.4974105 0.8296111 0 0.1908599 0.8665285 -0.461195 0 -0.9482849 0.04136625 -0.3147142 0 -0.07210739 0.3802842 -0.1346824 1  
														<Children>: 1
															<Frame>: 45 0 RigRArm101
																<Transform>: -0.4562247 0 -3.051758E-07 348.7588 329.9515 334.0637 1 1 0.9999999 -0.03428681 -0.2726295 -0.240438 0.9309604  
																<TransformMatrix>: 0.7357257 -0.4289813 0.5241023 0 0.4663716 0.882028 0.06726162 0 -0.4911267 0.1949402 0.8489951 0 -0.4562247 0 -3.051758E-07 1  
																<Children>: 1
																	<Frame>: 46 0 RigRArm202
																		<Transform>: -0.5132339 -6.67572E-08 -4.577637E-07 339.4968 341.0304 348.0427 1 1 0.9999994 -0.1576938 -0.1795569 -0.1302614 0.9622495  
																		<TransformMatrix>: 0.901583 -0.194058 0.3866401 0 0.307318 0.9163293 -0.256703 0 -0.304474 0.3502601 0.8857834 0 -0.5132339 -6.67572E-08 -4.577637E-07 1  
																		<Children>: 1
																			<Frame>: 47 0 RigRArmPalm01
																				<Transform>: -0.2377203 8.392334E-07 9.155273E-07 69.12472 161.5544 181.1521 0.9999983 0.9999999 1.000002 0.8119082 -0.09909143 0.1376102 0.5586138  
																				<TransformMatrix>: 0.9424871 -0.007164361 0.3341608 0 -0.3146482 -0.3562629 0.8798142 0 0.1127462 -0.9343601 -0.3380286 0 -0.2377203 8.392334E-07 9.155273E-07 1  
																				<Children>: 4
																					<Frame>: 48 0 RigRArmDigit11
																						<Transform>: -0.05972908 -0.01285484 -0.1883219 330.7384 298.2947 14.76372 1.000003 0.9999999 0.999997 -0.2788007 -0.4642297 -0.02173879 0.8404097  
																						<TransformMatrix>: 0.5680379 0.2223168 0.7924101 0 0.2953941 0.8435951 -0.4484299 0 -0.7681625 0.4887957 0.4135207 0 -0.05972908 -0.01285484 -0.1883219 1  
																						<Children>: 1
																							<Frame>: 49 0 RigRArmDigit12
																								<Transform>: -0.07123169 3.051758E-07 7.629394E-08 1.095811 5.129212 2.052092 1.000003 1 0.9999967 0.01035273 0.04456558 0.01746035 0.9988002  
																								<TransformMatrix>: 0.9954208 0.03580165 -0.08866295 0 -0.03395606 0.9991763 0.02223688 0 0.08938546 -0.01912429 0.9958102 0 -0.07123169 3.051758E-07 7.629394E-08 1  
																								<Children>: 1
																									<Frame>: 50 0 RigRArmDigit13
																										<Transform>: -0.08143348 3.051758E-07 3.814697E-08 14.41972 5.806013 6.539015 1.000002 1.000002 0.999996 0.1280045 0.04301447 0.0501633 0.9895698  
																										<TransformMatrix>: 0.9912688 0.1102925 -0.07228954 0 -0.08826824 0.9621987 0.2576547 0 0.0979735 -0.2490222 0.9635254 0 -0.08143348 3.051758E-07 3.814697E-08 1  
																										<Children>: 0
																									</Frame>
																							</Frame>
																					</Frame>
																					<Frame>: 51 0 RigRArmDigit21
																						<Transform>: -0.2262037 6.866455E-07 -0.1311838 359.9807 357.7142 3.830181 0.9999983 1 1.000002 -0.0008345853 -0.01992965 0.03340841 0.9992427  
																						<TransformMatrix>: 0.9969717 0.06679938 0.03977328 0 -0.06673297 0.9977665 -0.002999543 0 -0.03988494 0.0003362713 0.9992058 0 -0.2262037 6.866455E-07 -0.1311838 1  
																						<Children>: 1
																							<Frame>: 52 0 RigRArmDigit22
																								<Transform>: -0.1023973 1.525879E-07 -4.005432E-07 359.7155 356.2577 15.10466 0.9999979 1.000001 1.000001 -0.006751657 -0.03204218 0.1312808 0.9908043  
																								<TransformMatrix>: 0.9634752 0.2605793 0.0617222 0 -0.2597148 0.9654404 -0.02179221 0 -0.06526785 0.004966096 0.9978565 0 -0.1023973 1.525879E-07 -4.005432E-07 1  
																								<Children>: 1
																									<Frame>: 53 0 RigRArmDigit23
																										<Transform>: -0.0978286 7.629394E-08 -3.33786E-07 1.982131 0.69376 1.000251 0.9999977 1.000001 1.000001 0.01734836 0.005902052 0.008622552 0.9997949  
																										<TransformMatrix>: 0.9997793 0.01744631 -0.01150248 0 -0.0170368 0.9992502 0.03479141 0 0.01210087 -0.03458787 0.9993298 0 -0.0978286 7.629394E-08 -3.33786E-07 1  
																										<Children>: 0
																									</Frame>
																							</Frame>
																					</Frame>
																					<Frame>: 54 0 RigRArmDigit31
																						<Transform>: -0.2262031 3.051758E-07 0.01345045 0.0121644 1.393376 3.123964 0.9999979 1 1.000002 0.0004375469 0.01215179 0.02725504 0.9995546  
																						<TransformMatrix>: 0.9982169 0.05449633 -0.02426885 0 -0.05447517 0.9985139 0.001537099 0 0.02431665 -0.0002123093 0.9997063 0 -0.2262031 3.051758E-07 0.01345045 1  
																						<Children>: 1
																							<Frame>: 55 0 RigRArmDigit32
																								<Transform>: -0.1184959 3.051758E-07 -4.482269E-07 359.9116 358.609 13.25348 0.9999974 1.000001 1.000002 -0.002166957 -0.01196792 0.1153829 0.9932467  
																								<TransformMatrix>: 0.9730846 0.2292586 0.02327407 0 -0.2291556 0.973365 -0.007066438 0 -0.0242743 0.001542863 0.999706 0 -0.1184959 3.051758E-07 -4.482269E-07 1  
																								<Children>: 1
																									<Frame>: 56 0 RigRArmDigit33
																										<Transform>: -0.1113158 7.629394E-08 -3.480911E-07 -0.0001421523 -0.0003249846 3.623578 0.9999973 1.000001 1.000002 -1.329558E-06 -2.795387E-06 0.03161641 0.9995001  
																										<TransformMatrix>: 0.9979981 0.06320104 5.503894E-06 0 -0.06320127 0.9980018 -2.834549E-06 0 -5.672063E-06 2.481031E-06 1.000002 0 -0.1113158 7.629394E-08 -3.480911E-07 1  
																										<Children>: 0
																									</Frame>
																							</Frame>
																					</Frame>
																					<Frame>: 57 0 RigRArmDigit41
																						<Transform>: -0.2262024 0 0.1644246 0.0429703 5.212684 3.926195 0.9999973 1 1.000003 0.001932113 0.04543404 0.03420333 0.9983798  
																						<TransformMatrix>: 0.993529 0.06847121 -0.09058844 0 -0.06812027 0.9976529 0.006965956 0 0.09085325 -0.0007499751 0.9958667 0 -0.2262024 0 0.1644246 1  
																						<Children>: 1
																							<Frame>: 58 0 RigRArmDigit42
																								<Transform>: -0.1006255 7.629394E-08 -3.433227E-07 359.8625 358.0437 11.90561 0.999997 1.000001 1.000002 -0.0029638 -0.01685445 0.1036737 0.9944642  
																								<TransformMatrix>: 0.9779325 0.2062988 0.03290766 0 -0.2060997 0.9784866 -0.009389515 0 -0.03413691 0.002400065 0.9994165 0 -0.1006255 7.629394E-08 -3.433227E-07 1  
																								<Children>: 1
																									<Frame>: 59 0 RigRArmDigit43
																										<Transform>: -0.1147698 0 -3.623962E-07 359.0749 356.8817 4.198103 0.9999972 1.000001 1.000002 -0.009060907 -0.02689395 0.03639291 0.9989346  
																										<TransformMatrix>: 0.9959018 0.07319544 0.05307094 0 -0.07222097 0.9971877 -0.02006002 0 -0.05439021 0.01614504 0.9983912 0 -0.1147698 0 -3.623962E-07 1  
																										<Children>: 0
																									</Frame>
																							</Frame>
																					</Frame>
																			</Frame>
																	</Frame>
															</Frame>
													</Frame>
											</Frame>
									</Frame>
							</Frame>
					</Frame>
			</Frame>
			<Frame>: 60 0 RigPelvisGizmo
				<Transform>: 2.542602E-14 0.7270307 -7.094776E-08 0 270 270 1 1 1 0.5000001 -0.5000001 -0.5 0.5  
				<TransformMatrix>: 0 -1 0 0 -1.788139E-07 0 1 0 -1 0 -2.384186E-07 0 2.542602E-14 0.7270307 -7.094776E-08 1  
				<Children>: 0
			</Frame>
			<Frame>: 61 0 RigRArm1Gizmo
				<Transform>: 0.5131714 1.533616 -0.04561746 319.881 88.80321 95.50806 1 1 1 0.3217769 0.6232765 0.6581491 0.2735431  
				<TransformMatrix>: -0.6432676 0.7611762 0.08256838 0 0.04104778 -0.07340109 0.9964574 0 0.7645403 0.644378 0.01597202 0 0.5131714 1.533616 -0.04561746 1  
				<Children>: 0
			</Frame>
			<Frame>: 62 0 RigRArm2Gizmo
				<Transform>: 0.8433182 1.142955 -0.08799435 341.741 69.14781 89.92478 1 1 0.9999997 0.3034773 0.4887572 0.6381835 0.5116051  
				<TransformMatrix>: -0.2923236 0.9496496 -0.112753 0 -0.3563424 0.00124675 0.9343546 0 0.8874495 0.3133124 0.3380357 0 0.8433182 1.142955 -0.08799435 1  
				<Children>: 0
			</Frame>
			<Frame>: 63 0 RigRArmPalmGizmo
				<Transform>: 0.9128094 0.9172037 -0.06119071 -6.317425E-05 180.0098 91.35207 0.9999991 0.9999999 1.000001 0.7154006 0.6987146 -6.048684E-05 -5.984666E-05  
				<TransformMatrix>: 0.02359591 0.9997207 -2.913182E-06 0 0.9997215 -0.02359593 -0.0001701547 0 -0.0001701763 1.1026E-06 -1.000001 0 0.9128094 0.9172037 -0.06119071 1  
				<Children>: 0
			</Frame>
			<Frame>: 64 0 RigRibcageGizmo
				<Transform>: 8.637026E-09 1.590421 -0.1945868 -1.707547E-06 270 265 1 1 1 0.5213338 -0.4777145 -0.5213338 0.4777144  
				<TransformMatrix>: -1.192093E-07 -0.9961947 -0.08715564 0 -1.490116E-07 -0.0871557 0.9961947 0 -1 2.980232E-08 -2.384186E-07 0 8.637026E-09 1.590421 -0.1945868 1  
				<Children>: 0
			</Frame>
			<Frame>: 65 0 RigRLegPlatform
				<Transform>: 0.3766366 9.711092E-10 -0.02221645 0 270 270 1 1 1 0.5000001 -0.5000001 -0.5 0.5  
				<TransformMatrix>: 0 -1 0 0 -1.788139E-07 0 1 0 -1 0 -2.384186E-07 0 0.3766366 9.711092E-10 -0.02221645 1  
				<Children>: 0
			</Frame>
			<Frame>: 66 0 Shadow01
				<Transform>: 0 0 0 270 0 0 1 1 1 -0.7071068 0 0 0.7071068  
				<TransformMatrix>: 1 0 0 0 0 -1.192093E-07 -1 0 0 1 -1.192093E-07 0 0 0 0 1  
				<SkinningInfo>: Shadow01
					<BonesPerVertex>: 4
					<Bounds>: -0.4558532 -0.05068639 -0.0004031658 1.374612 0.4558995 1.27511
					<BoneNames>: 49 RigRibcage01 RigRArm101 RigRArmCollarbone RigSpine2 RigPelvis01 RigSpine1 RigRLeg101 RigHead01 RigJaw01 RigRLegAnkle RigRLeg202 RigHair101 RigHair202 RigRArm202 RigRArmDigit11 RigRArmPalm01 RigLLeg101 RigRArmDigit21 RigRArmDigit31 RigRArmDigit41 RigRArmDigit33 RigRArmDigit23 RigRArmDigit43 RigRArmDigit32 RigRArmDigit42 RigRArmDigit22 RigRArmDigit13 RigRArmDigit12 RigRLegToes1 RigLArm101 RigLArm202 RigSpine3 RigLLeg202 RigLArmPalm01 RigLArmDigit11 RigLLegAnkle RigLArmDigit21 RigLArmDigit22 RigLArmDigit31 RigLArmDigit41 RigLArmDigit32 RigLArmDigit42 RigLArmDigit33 RigLArmDigit43 RigLArmDigit23 RigLArmDigit12 RigLArmDigit13 RigLLegToes1 RigLArmCollarbone  
					<BoneOffsets>: 49 -3.809747E-09 -1.511621E-07 -1 0 0.08715558 -0.9961949 1.502549E-07 0 -0.9961948 -0.08715558 1.696988E-08 0 1.56741 0.3324604 -4.758983E-08 1 -0.6432683 0.04104756 0.7645398 0 -0.08256825 -0.9964573 -0.01597221 0 0.7611756 -0.07340113 0.6443786 0 -0.8334779 0.1369606 -1.379841 1 -0.8296111 0.4611947 0.3147138 0 -0.5176228 -0.8465964 -0.1238579 0 0.2093131 -0.265657 0.9410708 0 -0.3278852 0.2093634 -1.599094 1 1.733619E-09 -3.630332E-07 -1 0 -0.3614454 -0.9323933 3.378631E-07 0 -0.9323933 0.3614454 -1.328331E-07 0 1.05918 -0.2899716 1.003749E-07 1 6.123234E-17 -1.509958E-07 -1 0 -6.123234E-17 -1 1.509958E-07 0 -1 6.123233E-17 -6.123235E-17 0 0.7270307 7.094776E-08 1.475773E-14 1 6.498339E-09 -7.211381E-07 -1 0 -0.01246599 -0.999922 7.210012E-07 0 -0.9999221 0.01246599 -1.548754E-08 0 0.7889146 0.0988415 -7.09018E-08 1 -0.2628591 0.02140975 0.9645965 0 0.1107929 -0.9924708 0.05222021 0 0.9584519 0.120597 0.2585078 0 -0.5394844 -0.08091435 -0.3932208 1 6.128283E-17 -1.509958E-07 -1 0 -4.440892E-14 -1 1.509958E-07 0 -1 -5.551115E-15 -6.123519E-17 0 1.79459 0.04367026 -1.302844E-07 1 -2.8234E-08 -2.453056E-07 -1 0 0.9659259 0.2588189 -9.076169E-08 0 0.2588189 -0.9659259 2.296396E-07 0 -0.4067458 1.801267 -5.489539E-07 1 2.161286E-07 9.840653E-08 1 0 0.8539861 -0.5202959 -1.333702E-07 0 0.5202959 0.8539861 -1.964889E-07 0 -0.07166731 -0.1017268 -0.3766354 1 -0.2596554 0.06620411 0.963429 0 -0.1204772 -0.9920723 0.03570268 0 0.9581586 -0.1068005 0.2655728 0 -0.3080698 -0.003465079 -0.3961307 1 1.148814E-09 -1.510111E-07 -1 0 -0.02628674 -0.9996543 1.509287E-07 0 -0.9996545 0.02628674 -5.118005E-09 0 2.192519 -0.04509716 -1.130012E-07 1 6.382652E-09 -1.514643E-07 -1 0 -0.1460214 -0.9892815 1.489089E-07 0 -0.9892815 0.1460214 -2.843128E-08 0 2.302999 -0.3237164 -5.875185E-08 1 -0.2923217 -0.3563227 0.8874579 0 0.1127483 -0.9343621 -0.3380166 0 0.9496506 0.001249768 0.3133089 0 -0.8488089 0.3812837 -1.076764 1 0.2356634 0.8503326 0.4705284 0 0.7924082 -0.448431 0.4135216 0 0.562632 0.2753988 -0.7794868 0 -0.5936398 -1.057309 0.2984189 1 0.02359773 0.9997215 0.0001676289 0 -1.04308E-06 -0.0001676508 1.000001 0 0.9997207 -0.02359776 -2.913395E-06 0 -0.9384879 -0.890901 -0.06134216 1 0.2631756 -0.02141444 0.9645103 0 0.1108007 -0.992467 -0.05226816 0 0.9583642 0.1206241 -0.2588204 0 -0.5393535 -0.08093243 0.3933967 1 0.09030893 0.9959138 -0.0005640187 0 0.03976836 -0.0030403 0.9992049 0 0.9951186 -0.09025959 -0.03988048 0 -0.7668595 -0.8416011 0.09800665 1 0.07803848 0.9969506 0.0003974504 0 -0.02427352 0.001501519 0.9997052 0 0.9966537 -0.07802514 0.02431671 0 -0.7577565 -0.8508959 -0.09178636 1 0.09189856 0.9957676 0.001402774 0 -0.09059264 0.006957837 0.995865 0 0.9916373 -0.09164565 0.09084883 0 -0.7482398 -0.8418676 -0.2887394 1 0.3640985 0.9313606 7.490969E-06 0 -7.762537E-08 -8.012688E-06 1.000001 0 0.931359 -0.3640993 -2.845114E-06 0 -0.7495831 -0.6349899 -0.07752518 1 0.3627978 0.9313915 -0.02980087 0 0.08713107 -0.002065289 0.9961953 0 0.9277844 -0.3640145 -0.08190253 0 -0.7682317 -0.623953 0.149987 1 0.3640987 0.9313606 7.520507E-06 0 -2.123414E-07 -7.99174E-06 1.000001 0 0.931359 -0.3640994 -2.71202E-06 0 -0.7634344 -0.6295736 -0.2409805 1 0.304507 0.9525104 1.144913E-05 0 -2.803274E-06 -1.112378E-05 1.000001 0 0.9525086 -0.3045074 -7.171266E-07 0 -0.8192677 -0.6810955 -0.07752959 1 0.2953431 0.9553911 0.0006509362 0 -0.05438713 0.01613269 0.9983906 0 0.9538405 -0.2949034 0.0567258 0 -0.8165029 -0.6875725 -0.2684807 1 0.3464889 0.9380533 -0.001546919 0 0.09920518 -0.03500362 0.9944517 0 0.9327925 -0.3447203 -0.1051882 0 -0.8534465 -0.6420769 0.1370145 1 0.2811255 0.9221312 0.2657899 0 0.6427467 -0.3865856 0.6613834 0 0.7126338 -0.01509617 -0.7013729 0 -0.6319064 -0.8789105 0.4685535 1 0.2233122 0.8520906 0.4733639 0 0.7360573 -0.4657778 0.4911942 0 0.639026 0.2387333 -0.7311986 0 -0.584331 -1.032062 0.2706912 1 -1.776357E-13 8.742281E-08 1 0 1 7.105427E-13 -8.881784E-14 0 0 1 -8.742294E-08 0 0.1955139 -1.959349E-06 -0.3766354 1 0.6432673 -0.04104827 0.7645406 0 -0.08256865 -0.9964573 0.01597151 0 0.7611764 -0.07340103 -0.6443778 0 -0.8334795 0.1369603 1.37984 1 0.2923248 0.3563627 0.8874423 0 0.1127573 -0.9343468 0.3380562 0 0.9496471 0.00124337 -0.3133161 0 -0.8488026 0.3813235 1.076755 1 -5.447087E-08 -3.647917E-05 -1 0 -0.004081741 -0.9999918 3.647908E-05 0 -0.9999919 0.004081741 -9.442807E-08 0 1.30195 0.1880935 -6.939528E-06 1 0.2593924 -0.06626228 0.9634961 0 -0.1204671 -0.992073 -0.03579514 0 0.9582272 -0.106785 -0.2653187 0 -0.3081771 -0.003493431 0.3961252 1 -0.02359409 -0.9997222 -0.0005161927 0 6.973774E-06 0.0005161737 -0.9999971 0 0.9997237 -0.02359406 -5.206782E-06 0 -0.9384875 -0.8909472 0.06072334 1 -0.2356545 -0.8503408 0.4705205 0 0.7924051 -0.4484201 -0.4135327 0 0.5626293 0.2753924 0.7794932 0 -0.5936269 -1.057312 -0.298432 1 1.327392E-07 -1.062159E-07 1 0 0.853986 -0.5202958 -1.686213E-07 0 0.5202959 0.8539861 2.164317E-08 0 -0.07166296 -0.1017284 0.3766356 1 -0.09030543 -0.9959143 -0.0007426091 0 0.03977644 -0.002861689 -0.9992021 0 0.9951214 -0.09026299 0.03987217 0 -0.766857 -0.8415885 -0.09816688 1 -0.3464872 -0.9380526 -0.001589935 0 0.09921239 -0.03496013 -0.9944506 0 0.9327963 -0.3447213 0.1051793 0 -0.8534464 -0.6420752 -0.1370527 1 -0.07803534 -0.9969513 0.0002395171 0 -0.02426602 0.001659211 -0.9997013 0 0.9966578 -0.07801792 -0.02432136 0 -0.7577576 -0.8509144 0.09164239 1 -0.09189606 -0.9957681 0.001355946 0 -0.09058615 0.007003755 -0.9958602 0 0.9916431 -0.09163854 -0.09084572 0 -0.7482448 -0.8418837 0.2886908 1 -0.3045059 -0.9525104 -3.519161E-05 0 3.661986E-06 3.577556E-05 -0.9999973 0 0.952514 -0.3045048 -7.40575E-06 0 -0.8192716 -0.6811017 0.07748756 1 -0.2953426 -0.9553912 0.0006093688 0 -0.05438139 0.01617412 -0.9983857 0 0.9538465 -0.2948988 -0.05673201 0 -0.8165096 -0.6875849 0.2684422 1 -0.3640983 -0.9313604 -2.989195E-05 0 5.968076E-06 2.976189E-05 -0.9999973 0 0.9313642 -0.3640968 -5.277796E-06 0 -0.7495875 -0.6349953 0.07749113 1 -0.3640985 -0.9313602 -2.990878E-05 0 5.845023E-06 2.982806E-05 -0.9999973 0 0.9313643 -0.3640969 -5.416501E-06 0 -0.7634408 -0.6295837 0.2409467 1 -0.3627965 -0.9313902 -0.02984166 0 0.08713812 -0.002023934 -0.9961923 0 0.9277887 -0.3640148 0.08189355 0 -0.7682322 -0.6239508 -0.1500232 1 -0.2233035 -0.8520992 0.4733541 0 0.7360553 -0.4657643 -0.491206 0 0.6390219 0.2387268 0.7312058 0 -0.5843168 -1.032064 -0.2707072 1 -0.2811171 -0.9221352 0.265776 0 0.6427476 -0.3865679 -0.6613941 0 0.7126302 -0.01510223 0.7013788 0 -0.6318925 -0.8789086 -0.468573 1 0 8.742287E-08 1 0 1 -7.105427E-13 0 0 -3.552714E-13 1 -8.742324E-08 0 0.1955183 -1.073336E-06 0.3766357 1 0.8296108 -0.4611949 0.3147142 0 -0.517623 -0.8465964 0.1238575 0 0.2093134 -0.2656569 -0.9410708 0 -0.3278858 0.2093633 1.599093 1  
