<Hierarchy>:
	<Frame>: 0 0 Shade
		<Transform>: 0 0 0 0 0 0 1.5 1.5 1.5 0 0 0 1  
		<TransformMatrix>: 1.5 0 0 0 0 1.5 0 0 0 0 1.5 0 0 0 0 1  
		<Children>: 5
			<Frame>: 1 0 Rig
				<Transform>: 0 0 0 0 270 270 1 1 1 0.5000001 -0.5000001 -0.4999999 0.4999999  
				<TransformMatrix>: 0 -1 0 0 -2.384186E-07 0 1 0 -1 0 -2.384186E-07 0 0 0 0 1  
				<Children>: 0
			</Frame>
			<Frame>: 2 0 RigLLegPlatform
				<Transform>: -0.2150724 1.30936E-09 -0.02995457 0 270 270 1 1 1 0.5 -0.5 -0.5 0.5  
				<TransformMatrix>: 0 -1 0 0 0 0 1 0 -1 0 0 0 -0.2150724 1.30936E-09 -0.02995457 1  
				<Children>: 0
			</Frame>
			<Frame>: 3 0 RigPelvis
				<Transform>: 2.137863E-14 0.4563535 -6.642708E-08 3.415095E-06 270 260 1 1 1 -0.5416752 0.4545195 0.5416753 -0.4545196  
				<TransformMatrix>: 0 -0.9848078 -0.1736481 0 2.682209E-07 -0.1736481 0.9848078 0 -1 -5.960464E-08 2.384186E-07 0 2.137863E-14 0.4563535 -6.642708E-08 1  
				<Children>: 3
					<Frame>: 4 0 RigLLeg1
						<Transform>: 0.07071739 -3.290176E-07 0.1724647 1.827165 171.6853 336.7147 1 1 1 -0.200118 0.9769573 -0.03020345 0.06778576  
						<TransformMatrix>: -0.9107157 -0.3951083 -0.1203591 0 -0.3869188 0.918081 -0.08614527 0 0.1445361 -0.03188465 -0.9889857 0 0.07071739 -3.290176E-07 0.1724647 1  
						<Children>: 1
							<Frame>: 5 0 RigLLeg2
								<Transform>: -0.1965541 4.768371E-09 0 353.7827 356.3313 46.68674 1 1 0.9999999 -0.06243017 -0.007869766 0.393861 0.9170137  
								<TransformMatrix>: 0.6896231 0.7233346 -0.03474425 0 -0.7213693 0.6819519 -0.1206978 0 -0.06361098 0.1082994 0.992081 0 -0.1965541 4.768371E-09 0 1  
								<Children>: 1
									<Frame>: 6 0 RigLLegAnkle
										<Transform>: -0.1707995 -4.768371E-09 0 8.480993 6.442109 299.0308 0.9999998 1 1 0.03519423 0.08574122 -0.5086989 0.8559412  
										<TransformMatrix>: 0.4677477 -0.8647972 -0.1825854 0 0.8768678 0.4799736 -0.02698455 0 0.1109724 -0.1474814 0.98282 0 -0.1707995 -4.768371E-09 0 1  
										<Children>: 1
											<Frame>: 7 0 RigLLegDigit11
												<Transform>: -0.05535186 0.004015319 0 -4.776787E-06 -0.0006979992 298.6479 1 1 1 3.071775E-06 -5.260091E-06 -0.5101837 0.8600655  
												<TransformMatrix>: 0.4794252 -0.8775827 5.913706E-06 0 0.8775827 0.4794252 1.065108E-05 0 -1.218238E-05 8.337065E-08 1 0 -0.05535186 0.004015319 0 1  
												<Children>: 1
													<Frame>: 8 0 RigLLegDigit12
														<Transform>: -0.1037517 0 0 -1.707553E-06 -1.170567E-13 -1.707545E-06 1 1 1 -1.490121E-08 -1.243557E-15 -1.490114E-08 1  
														<TransformMatrix>: 1 -2.980228E-08 2.931205E-15 0 2.980228E-08 1 -2.980241E-08 0 -2.043025E-15 2.980241E-08 1 0 -0.1037517 0 0 1  
														<Children>: 0
													</Frame>
											</Frame>
									</Frame>
							</Frame>
					</Frame>
					<Frame>: 9 0 RigRLeg1
						<Transform>: 0.07071735 -3.33786E-07 -0.1724646 358.913 189.4985 319.6226 1 1 1 -0.343176 0.9355674 0.03744497 -0.07444242  
						<TransformMatrix>: -0.7533772 -0.6477035 0.1135914 0 -0.6365535 0.7616563 0.1211583 0 -0.1649922 0.01897088 -0.9861124 0 0.07071735 -3.33786E-07 -0.1724646 1  
						<Children>: 1
							<Frame>: 10 0 RigRLeg2
								<Transform>: -0.1965541 0 1.907349E-08 6.612541 2.836538 45.70304 1 1 1 0.06272637 0.0003801417 0.3862638 0.920253  
								<TransformMatrix>: 0.7016005 0.7109686 0.0477582 0 -0.7108734 0.6937318 0.115742 0 0.04915751 -0.1151546 0.9921308 0 -0.1965541 0 1.907349E-08 1  
								<Children>: 1
									<Frame>: 11 0 RigRLegAnkle
										<Transform>: -0.1707995 -4.768371E-09 -1.907349E-08 353.6375 353.1389 317.0518 0.9999999 0.9999996 0.9999995 -0.02967826 -0.07587776 -0.3679513 0.9262687  
										<TransformMatrix>: 0.7177088 -0.6771396 0.1624067 0 0.6861471 0.7274618 0.0008585599 0 -0.118726 0.1108187 0.986723 0 -0.1707995 -4.768371E-09 -1.907349E-08 1  
										<Children>: 1
											<Frame>: 12 0 RigRLegDigit11
												<Transform>: -0.05535188 0.004015336 0 -5.34411E-06 -0.002559759 298.6084 1 1 1 1.136306E-05 -1.923211E-05 -0.5104802 0.8598895  
												<TransformMatrix>: 0.47882 -0.8779131 2.147375E-05 0 0.8779131 0.47882 3.917718E-05 0 -4.467622E-05 9.327232E-08 1 0 -0.05535188 0.004015336 0 1  
												<Children>: 1
													<Frame>: 13 0 RigRLegDigit12
														<Transform>: -0.1037517 0 0 -1.707543E-06 8.649653E-14 -1.707551E-06 1 1 1 -1.490112E-08 5.327802E-16 -1.490119E-08 1  
														<TransformMatrix>: 1 -2.980238E-08 -6.214715E-16 0 2.980238E-08 1 -2.980224E-08 0 1.509649E-15 2.980224E-08 1 0 -0.1037517 0 0 1  
														<Children>: 0
													</Frame>
											</Frame>
									</Frame>
							</Frame>
					</Frame>
					<Frame>: 14 0 RigSpine
						<Transform>: 0 0 0 -3.661686E-07 -6.040664E-06 2.500001 1 1 1 -4.34463E-09 -5.263249E-08 0.02181489 0.9997621  
						<TransformMatrix>: 0.9990482 0.04361941 1.050504E-07 0 -0.04361941 0.9990482 -1.098354E-08 0 -1.054295E-07 6.390848E-09 1 0 0 0 0 1  
						<Children>: 1
							<Frame>: 15 0 RigRibcage
								<Transform>: -0.18559 0 2.273737E-15 4.447596E-07 7.649491E-06 2.499999 1 1 1 5.336575E-09 6.665385E-08 0.02181488 0.9997621  
								<TransformMatrix>: 0.9990482 0.04361938 -1.330431E-07 0 -0.04361938 0.9990482 1.35787E-08 0 1.335088E-07 -7.762519E-09 1 0 -0.18559 0 2.273737E-15 1  
								<Children>: 3
									<Frame>: 16 0 RigLArm1
										<Transform>: -0.03858681 -0.01136106 0.2593299 4.147717 107.1673 351.5116 1 1 1 -0.0380928 0.8035821 -0.072947 0.5894774  
										<TransformMatrix>: -0.3021308 -0.1472226 -0.9418293 0 0.02477982 0.9864553 -0.1621475 0 0.9529444 -0.07232811 -0.2943904 0 -0.03858681 -0.01136106 0.2593299 1  
										<Children>: 1
											<Frame>: 17 0 RigLArm2
												<Transform>: -0.1658194 0 0 3.52237 12.73886 286.3105 1 1 1 -0.04204958 0.1070539 -0.598394 0.7929035  
												<TransformMatrix>: 0.2609282 -0.9579407 -0.1194423 0 0.9399344 0.280313 -0.1948033 0 0.2200912 -0.06143825 0.9735427 0 -0.1658194 0 0 1  
												<Children>: 1
													<Frame>: 18 0 RigLArmPalm
														<Transform>: -0.2033109 -1.907349E-08 0 275.9738 282.4203 62.33867 1 1 1 -0.6872827 -0.128258 -0.05902787 0.7125363  
														<TransformMatrix>: 0.9601313 0.09218006 0.2639147 0 0.2604181 0.04831631 -0.9642864 0 -0.1016393 0.9945696 0.02238465 0 -0.2033109 -1.907349E-08 0 1  
														<Children>: 4
															<Frame>: 19 0 RigLArmFinger11
																<Transform>: -0.03620199 -0.01317108 0.1037061 355.8051 56.18265 19.22811 0.9999996 1 1.000001 0.04675448 0.4693462 0.1642295 0.8663468  
																<TransformMatrix>: 0.5054854 0.3284475 -0.797876 0 -0.2406714 0.9416855 0.2351723 0 0.8285907 0.07314988 0.5550566 0 -0.03620199 -0.01317108 0.1037061 1  
																<Children>: 1
																	<Frame>: 20 0 RigLArmFinger12
																		<Transform>: -0.05544158 0 3.814697E-08 0.01085002 354.5648 14.78631 0.9999996 1 1.000001 -0.006007151 -0.04703079 0.1285369 0.9905707  
																		<TransformMatrix>: 0.9625324 0.2552147 0.09163034 0 -0.2540847 0.9668845 -0.0239914 0 -0.09471899 -0.0001893687 0.9955046 0 -0.05544158 0 3.814697E-08 1  
																		<Children>: 1
																			<Frame>: 21 0 RigLArmFinger13
																				<Transform>: -0.04461144 0 0 359.852 343.8187 14.80976 0.9999999 1 1 -0.01940665 -0.1394008 0.1274169 0.9818125  
																				<TransformMatrix>: 0.9286646 0.2556096 0.2687854 0 -0.2447884 0.9667767 -0.07363144 0 -0.2786764 0.002583355 0.9603818 0 -0.04461144 0 0 1  
																				<Children>: 0
																			</Frame>
																	</Frame>
															</Frame>
															<Frame>: 22 0 RigLArmFinger21
																<Transform>: -0.1262275 -0.001384582 0.0878622 359.9801 358.9543 18.95609 1 1 1 -0.001674197 -0.008972464 0.1646613 0.986308  
																<TransformMatrix>: 0.9456125 0.3248436 0.01714788 0 -0.3247834 0.9457678 -0.006257381 0 -0.01825058 0.0003477126 0.9998335 0 -0.1262275 -0.001384582 0.0878622 1  
																<Children>: 1
																	<Frame>: 23 0 RigLArmFinger22
																		<Transform>: -0.0694622 0 1.907349E-08 359.9424 1.16049 25.45229 1 0.9999999 1 0.001740923 0.009988884 0.220285 0.9753829  
																		<TransformMatrix>: 0.9027498 0.4297594 -0.01871898 0 -0.4296896 0.9029429 0.007796934 0 0.02025297 0.00100467 0.9997945 0 -0.0694622 0 1.907349E-08 1  
																		<Children>: 1
																			<Frame>: 24 0 RigLArmFinger23
																				<Transform>: -0.05365004 0 0 359.4286 1.441677 19.91157 1 0.9999999 1 -0.002735384 0.013253 0.1729341 0.9848405  
																				<TransformMatrix>: 0.9398364 0.3405525 -0.02705027 0 -0.3406974 0.9401726 -0.0008040433 0 0.02515811 0.009971628 0.999634 0 -0.05365004 0 0 1  
																				<Children>: 0
																			</Frame>
																	</Frame>
															</Frame>
															<Frame>: 25 0 RigLArmFinger31
																<Transform>: -0.1260178 -0.002378693 -0.00596714 359.9806 358.9361 18.84041 1 1 1 -0.001686828 -0.009131162 0.1636652 0.9864722  
																<TransformMatrix>: 0.9462609 0.3229333 0.01746313 0 -0.3228716 0.9464218 -0.006316927 0 -0.01856743 0.0003391109 0.9998277 0 -0.1260178 -0.002378693 -0.00596714 1  
																<Children>: 1
																	<Frame>: 26 0 RigLArmFinger32
																		<Transform>: -0.07118797 0 -1.907349E-08 359.9532 0.9206011 24.01113 1 1 1 0.001271209 0.007942987 0.2080032 0.9780951  
																		<TransformMatrix>: 0.9133432 0.406914 -0.01500916 0 -0.4068738 0.9134664 0.005791062 0 0.01606683 0.0008176062 0.9998706 0 -0.07118797 0 -1.907349E-08 1  
																		<Children>: 1
																			<Frame>: 27 0 RigLArmFinger33
																				<Transform>: -0.05925922 0 0 359.4189 1.682167 21.46914 1 0.9999999 1 -0.002247934 0.01536657 0.1863101 0.9823682  
																				<TransformMatrix>: 0.930105 0.3659812 -0.03102889 0 -0.3661193 0.9305669 0.001309296 0 0.02935364 0.01014249 0.999518 0 -0.05925922 0 0 1  
																				<Children>: 0
																			</Frame>
																	</Frame>
															</Frame>
															<Frame>: 28 0 RigLArmFinger41
																<Transform>: -0.1262722 -0.001302872 -0.08872896 0.0664394 352.3016 20.25865 1 1 1 -0.01123682 -0.06618596 0.1755121 0.9821857  
																<TransformMatrix>: 0.92963 0.3462585 0.1260694 0 -0.3432836 0.9381385 -0.04530617 0 -0.1339582 -0.001159586 0.9909864 0 -0.1262722 -0.001302872 -0.08872896 1  
																<Children>: 1
																	<Frame>: 29 0 RigLArmFinger42
																		<Transform>: -0.06082353 7.629394E-08 -1.907349E-08 0.1112108 3.417591 24.98776 1 1 0.9999999 0.007398141 0.02890366 0.2162108 0.9758908  
																		<TransformMatrix>: 0.9048351 0.4224239 -0.05321451 0 -0.4215686 0.9063967 0.02693813 0 0.05961273 -0.001940993 0.9982196 0 -0.06082353 7.629394E-08 -1.907349E-08 1  
																		<Children>: 1
																			<Frame>: 30 0 RigLArmFinger43
																				<Transform>: -0.05210806 0 -1.907349E-08 0.8852242 0.7052463 19.47532 1 1 1 0.008654427 0.004758992 0.1690822 0.9855525  
																				<TransformMatrix>: 0.9427773 0.3333611 -0.006453855 0 -0.3331964 0.9426728 0.01866811 0 0.01230709 -0.01544946 0.999805 0 -0.05210806 0 -1.907349E-08 1  
																				<Children>: 0
																			</Frame>
																	</Frame>
															</Frame>
													</Frame>
											</Frame>
									</Frame>
									<Frame>: 31 0 RigNeck
										<Transform>: 0 0 0 6.14373E-07 -9.769774E-06 4.084861 1 1 1 2.319472E-09 -8.539428E-08 0.03563959 0.9993647  
										<TransformMatrix>: 0.9974597 0.07123389 1.708454E-07 0 -0.0712339 0.9974598 -1.450837E-09 0 -1.705148E-07 -1.072283E-08 1 0 0 0 0 1  
										<Children>: 1
											<Frame>: 32 0 RigHead
												<Transform>: -0.09039497 -1.192093E-09 0 -6.233487E-08 8.161602E-06 0.9151375 1 0.9999999 0.9999999 2.483284E-11 7.122549E-08 0.007985995 0.9999681  
												<TransformMatrix>: 0.9998724 0.01597148 -1.42446E-07 0 -0.01597148 0.9998724 1.187277E-09 0 1.424468E-07 1.087949E-09 0.9999999 0 -0.09039497 -1.192093E-09 0 1  
												<Children>: 1
													<Frame>: 33 0 RigJaw
														<Transform>: -0.03540634 0.1205401 -2.191393E-08 -1.105218E-05 -1.220257E-05 270 1 1 1 7.098687E-09 -1.434974E-07 -0.7071067 0.7071068  
														<TransformMatrix>: 1.78814E-07 -1 1.92897E-07 0 1 1.78814E-07 2.129751E-07 0 -2.129751E-07 1.928969E-07 1 0 -0.03540634 0.1205401 -2.191393E-08 1  
														<Children>: 0
													</Frame>
											</Frame>
									</Frame>
									<Frame>: 34 0 RigRArm1
										<Transform>: -0.03858643 -0.01136107 -0.2593299 353.065 246.8328 358.632 1 1 1 -0.02336073 -0.8335002 -0.05704277 0.5490699  
										<TransformMatrix>: -0.3959529 -0.0236986 0.9179649 0 0.1015833 0.9924008 0.06943698 0 -0.9126347 0.1207437 -0.3905367 0 -0.03858643 -0.01136107 -0.2593299 1  
										<Children>: 1
											<Frame>: 35 0 RigRArm2
												<Transform>: -0.1658193 0 0 348.3981 344.2534 288.5425 1 1 1 -0.001695201 -0.1690973 -0.5867209 0.7919355  
												<TransformMatrix>: 0.2543295 -0.928717 0.2698176 0 0.9298635 0.3115115 0.1957409 0 -0.2658391 0.2011109 0.9428066 0 -0.1658193 0 0 1  
												<Children>: 1
													<Frame>: 36 0 RigRArmPalm
														<Transform>: -0.2033109 1.907349E-08 0 84.28728 310.3303 283.8685 1 1 1 0.6714303 0.1302701 -0.1930068 0.7035335  
														<TransformMatrix>: 0.8915563 -0.09663878 -0.44248 0 0.4465081 0.02385939 0.8944615 0 -0.07588236 -0.9950335 0.06442195 0 -0.2033109 1.907349E-08 0 1  
														<Children>: 4
															<Frame>: 37 0 RigRArmFinger11
																<Transform>: -0.03620207 -0.01317112 -0.103706 4.194817 303.8173 19.02798 1 1 0.9999996 -0.04593561 -0.4694273 0.1627159 0.8666323  
																<TransformMatrix>: 0.5063233 0.3251567 0.7986932 0 -0.2389029 0.942827 -0.2323852 0 -0.8285903 -0.07314795 0.5550557 0 -0.03620207 -0.01317112 -0.103706 1  
																<Children>: 1
																	<Frame>: 38 0 RigRArmFinger12
																		<Transform>: -0.05544157 0 -1.907349E-08 359.9892 5.43518 14.5863 1 1 0.9999997 0.005925164 0.04704152 0.1268077 0.9907935  
																		<TransformMatrix>: 0.9634143 0.2518381 -0.09171419 0 -0.2507231 0.9677695 0.02367168 0 0.09471954 0.0001892233 0.9955037 0 -0.05544157 0 -1.907349E-08 1  
																		<Children>: 1
																			<Frame>: 39 0 RigRArmFinger13
																				<Transform>: -0.04461141 0 1.907349E-08 0.1480313 16.18122 14.60976 1 1 1 0.0191634 0.139434 0.1257031 0.9820334  
																				<TransformMatrix>: 0.9295141 0.2522334 -0.2690399 0 -0.2415453 0.9676631 0.07269277 0 0.2786754 -0.00258363 0.9603819 0 -0.04461141 0 1.907349E-08 1  
																				<Children>: 0
																			</Frame>
																	</Frame>
															</Frame>
															<Frame>: 40 0 RigRArmFinger21
																<Transform>: -0.1262278 -0.001384582 -0.08786213 0.01994994 1.045738 18.75606 1 1 1 0.001658767 0.008975323 0.1629393 0.9865939  
																<TransformMatrix>: 0.9467406 0.3215397 -0.01716944 0 -0.3214802 0.9468962 0.006197926 0 0.01825056 -0.0003481922 0.9998335 0 -0.1262278 -0.001384582 -0.08786213 1  
																<Children>: 1
																	<Frame>: 41 0 RigRArmFinger22
																		<Transform>: -0.0694622 0 0 0.05754148 358.8395 25.25227 1 1 1 -0.001723669 -0.009991859 0.2185821 0.9757659  
																		<TransformMatrix>: 0.9042441 0.4266044 0.0187459 0 -0.4265355 0.9044379 -0.007731879 0 -0.02025296 -0.001004288 0.9997945 0 -0.0694622 0 0 1  
																		<Children>: 1
																			<Frame>: 42 0 RigRArmFinger23
																				<Transform>: -0.05364998 7.629394E-08 -1.907349E-08 0.57135 358.5583 19.71161 1 1 1 0.00275858 -0.01324821 0.1712153 0.9851407  
																				<TransformMatrix>: 0.9410197 0.3372693 0.02704733 0 -0.3374155 0.9413555 0.0008985848 0 -0.02515808 -0.009971773 0.9996337 0 -0.05364998 7.629394E-08 -1.907349E-08 1  
																				<Children>: 0
																			</Frame>
																	</Frame>
															</Frame>
															<Frame>: 43 0 RigRArmFinger31
																<Transform>: -0.126018 -0.002378693 0.005967102 0.01943646 1.063897 18.64036 1 1 1 0.001670945 0.009134093 0.1619428 0.9867564  
																<TransformMatrix>: 0.9473823 0.3196268 -0.01748506 0 -0.3195658 0.9475437 0.006256035 0 0.01856745 -0.0003392303 0.9998277 0 -0.126018 -0.002378693 0.005967102 1  
																<Children>: 1
																	<Frame>: 44 0 RigRArmFinger32
																		<Transform>: -0.07118803 -7.629394E-08 -3.814697E-08 0.0468485 359.0794 23.8111 1 1 1 -0.001257295 -0.007945104 0.2062955 0.9784567  
																		<TransformMatrix>: 0.9147582 0.4037224 0.01502913 0 -0.4036824 0.9148812 -0.005738496 0 -0.01606663 -0.0008176606 0.9998707 0 -0.07118803 -7.629394E-08 -3.814697E-08 1  
																		<Children>: 1
																			<Frame>: 45 0 RigRArmFinger33
																				<Transform>: -0.05925924 0 -1.907349E-08 0.5811366 358.3178 21.2692 1 1 0.9999999 0.002274753 -0.01536279 0.1845958 0.9826918  
																				<TransformMatrix>: 0.9313768 0.3627316 0.03103359 0 -0.3628715 0.9318388 -0.001201049 0 -0.02935394 -0.01014257 0.9995176 0 -0.05925924 0 -1.907349E-08 1  
																				<Children>: 0
																			</Frame>
																	</Frame>
															</Frame>
															<Frame>: 46 0 RigRArmFinger41
																<Transform>: -0.1262724 -0.001302872 0.08872882 359.9336 7.698389 20.05861 0.9999999 1 1 0.01112148 0.06620546 0.1737973 0.9824905  
																<TransformMatrix>: 0.9308226 0.3429809 -0.1262267 0 -0.3400358 0.9393419 0.04486616 0 0.1339583 0.001159158 0.9909865 0 -0.1262724 -0.001302872 0.08872882 1  
																<Children>: 1
																	<Frame>: 47 0 RigRArmFinger42
																		<Transform>: -0.06082357 0 -1.907349E-08 359.8888 356.5824 24.78769 1 1 1 -0.007347925 -0.02891644 0.2145066 0.9762667  
																		<TransformMatrix>: 0.9063015 0.4192563 0.05330796 0 -0.4184064 0.9078658 -0.0267526 0 -0.05961269 0.001941535 0.99822 0 -0.06082357 0 -1.907349E-08 1  
																		<Children>: 1
																			<Frame>: 48 0 RigRArmFinger43
																				<Transform>: -0.05210809 -7.629394E-08 -1.907349E-08 359.1148 359.2948 19.27534 0.9999998 1 1 -0.008645964 -0.0047741 0.167362 0.985846  
																				<TransformMatrix>: 0.9439341 0.3300688 0.006519042 0 -0.3299038 0.9438305 -0.01864519 0 -0.01230707 0.01544918 0.9998053 0 -0.05210809 -7.629394E-08 -1.907349E-08 1  
																				<Children>: 0
																			</Frame>
																	</Frame>
															</Frame>
													</Frame>
											</Frame>
									</Frame>
							</Frame>
					</Frame>
			</Frame>
			<Frame>: 49 0 RigRLegPlatform
				<Transform>: 0.2150724 -1.340776E-09 0.07330909 0 270 270 1 1 1 0.5 -0.5 -0.5 0.5  
				<TransformMatrix>: 0 -1 0 0 0 0 1 0 -1 0 0 0 0.2150724 -1.340776E-09 0.07330909 1  
				<Children>: 0
			</Frame>
			<Frame>: 50 0 Shade
				<Transform>: -6.478155E-10 6.478155E-10 0 270 0 0 1 1 1 -0.7071068 0 0 0.7071068  
				<TransformMatrix>: 1 0 0 0 0 -1.192093E-07 -1 0 0 1 -1.192093E-07 0 -6.478155E-10 6.478155E-10 0 1  
				<SkinningInfo>: Shade
					<BonesPerVertex>: 4
					<Bounds>: -0.1534399 -0.04217702 0 0.765918 0.3459638 0.9495541
					<BoneNames>: 45 RigRArm1 RigRibcage RigRArmPalm RigRArm2 RigRArmFinger11 RigRArmFinger21 RigRArmFinger31 RigRArmFinger41 RigRArmFinger33 RigRArmFinger23 RigRArmFinger43 RigRArmFinger32 RigRArmFinger42 RigRArmFinger22 RigRArmFinger13 RigRArmFinger12 RigLArm1 RigLArmPalm RigLArm2 RigLArmFinger11 RigLArmFinger21 RigLArmFinger31 RigLArmFinger41 RigLArmFinger22 RigLArmFinger32 RigLArmFinger42 RigLArmFinger33 RigLArmFinger43 RigLArmFinger23 RigLArmFinger12 RigLArmFinger13 RigRLeg1 RigPelvis RigRLegAnkle RigRLegDigit11 RigRLegDigit12 RigRLeg2 RigSpine RigLLeg1 RigLLegAnkle RigLLeg2 RigLLegDigit11 RigLLegDigit12 RigHead RigJaw  
					<BoneOffsets>: 45 -0.9980758 0.05673969 -0.02501085 0 -0.05857539 -0.9950656 0.08008298 0 -0.02034355 0.0813939 0.9964743 0 0.2740299 -0.06155688 -0.7063031 1 6.123238E-17 -1.509958E-07 -1 0 -6.123254E-17 -1 1.509958E-07 0 -1 6.122989E-17 -6.122483E-17 0 0.6758113 9.5183E-08 6.478135E-10 1 -0.9988092 0.02192539 0.04357933 0 0.04382138 0.01068376 0.9989821 0 0.02143749 0.9997025 -0.01163184 0 0.6112496 -0.7321643 -0.0333958 1 -0.999455 -0.03266909 -0.004710058 0 0.03283539 -0.9986144 -0.04112123 0 -0.003360139 -0.04125348 0.999143 0 0.4263185 0.06453425 -0.7142888 1 -0.5116135 0.124215 0.8501894 0 0.8555666 -0.01744476 0.5173985 0 0.0791 0.9921018 -0.09734929 0 0.3593223 -0.783635 -0.4448511 1 -0.9952204 0.09431056 0.02533482 0 0.02631363 0.009149258 0.9996118 0 0.09404217 0.9955007 -0.01158718 0 0.6814632 -0.7822021 0.06817214 1 -0.9954166 0.09230121 0.02501818 0 0.02597837 0.00921583 0.9996198 0 0.0920356 0.9956884 -0.01157143 0 0.6846157 -0.7799716 -0.02541837 1 -0.9890338 0.1166447 -0.09058833 0 -0.08908056 0.018086 0.9958602 0 0.1178003 0.9930089 -0.00749688 0 0.6743227 -0.7986044 -0.02307253 1 -0.9299633 0.3615383 0.06676961 0 0.07346459 0.004787785 0.9972864 0 0.3602375 0.9323447 -0.03101274 0 0.5704693 -0.9641547 -0.047831 1 -0.9299632 0.3615381 0.06676924 0 0.07346434 0.00478815 0.9972864 0 0.3602374 0.9323449 -0.03101297 0 0.5659873 -0.9615386 0.04645418 1 -0.9298145 0.3677241 -0.01497578 0 -0.01342042 0.00678658 0.9998868 0 0.3677842 0.9299101 -0.001375248 0 0.5542908 -0.9625353 -0.0903138 1 -0.9672771 0.2503982 0.04093533 0 0.04310171 0.00317175 0.9990656 0 0.2500344 0.9681377 -0.01386055 0 0.620701 -0.8908466 -0.03692449 1 -0.9563819 0.2904444 -0.03123954 0 -0.02623271 0.02111711 0.9994324 0 0.2909393 0.9566587 -0.01257687 0 0.5796854 -0.9154379 -0.06840845 1 -0.9599229 0.2765636 0.04539348 0 0.04762959 0.001369684 0.9988641 0 0.2761873 0.9609946 -0.0144874 0 0.5946103 -0.9077047 0.05373194 1 -0.7888492 0.1256126 0.6016129 0 0.6047912 -0.01541261 0.7962347 0 0.1092896 0.9919595 -0.06381121 0 0.5924047 -0.7841904 -0.2464019 1 -0.5898722 0.1239229 0.7979309 0 0.8027164 -0.01736695 0.5961077 0 0.08772902 0.9921396 -0.08923075 0 0.4552217 -0.7834499 -0.4037139 1 0.9980757 -0.05674003 -0.02501103 0 -0.05857575 -0.9950656 -0.08008303 0 -0.02034371 0.08139395 -0.9964741 0 0.27403 -0.06155693 0.7063031 1 0.9988094 -0.0219254 0.04357859 0 0.04382067 0.01068418 -0.9989821 0 0.02143748 0.9997024 0.01163225 0 0.6112497 -0.7321646 0.03339526 1 0.999455 0.03266871 -0.004710153 0 0.03283503 -0.9986144 0.04112108 0 -0.003360254 -0.04125332 -0.999143 0 0.4263187 0.06453414 0.7142889 1 0.5116139 -0.1242147 0.8501893 0 0.8555669 -0.017445 -0.5173984 0 0.07910005 0.9921018 0.09734879 0 0.3593222 -0.7836349 0.4448513 1 0.9952204 -0.09431048 0.02533537 0 0.02631409 0.009148386 -0.9996119 0 0.09404209 0.9955009 0.01158636 0 0.6814631 -0.7822023 -0.06817083 1 0.9954168 -0.09230062 0.02501887 0 0.02597897 0.009214901 -0.99962 0 0.092035 0.9956884 0.01157054 0 0.6846163 -0.7799714 0.02541983 1 0.9890338 -0.1166438 -0.09058745 0 -0.08907983 0.01808452 -0.9958602 0 0.1177992 0.993009 0.007495586 0 0.6743234 -0.7986038 0.02307442 1 0.9599229 -0.2765636 0.04538917 0 0.04762629 0.001373844 -0.9988642 0 0.276187 0.9609946 0.01449048 0 0.5946102 -0.9077046 -0.05373739 1 0.9672768 -0.2503995 0.04093069 0 0.04309804 0.003176045 -0.9990659 0 0.2500356 0.9681372 0.01386384 0 0.6207004 -0.8908476 0.0369186 1 0.9563816 -0.290445 -0.03124258 0 -0.02623514 0.02111944 -0.9994325 0 0.2909401 0.9566584 0.01257838 0 0.5796849 -0.9154385 0.0684052 1 0.9299631 -0.3615397 0.06676409 0 0.07346065 0.004792753 -0.9972865 0 0.3602388 0.9323444 0.03101603 0 0.5704684 -0.9641558 0.04782434 1 0.9298137 -0.3677249 -0.01497907 0 -0.01342291 0.006789207 -0.9998868 0 0.367785 0.9299098 0.001376759 0 0.5542902 -0.9625361 0.09031028 1 0.9299638 -0.3615381 0.06676432 0 0.07346088 0.004792803 -0.9972866 0 0.3602372 0.9323451 0.03101604 0 0.5659874 -0.9615386 -0.04646015 1 0.5898733 -0.123923 0.7979302 0 0.8027164 -0.01736641 -0.596108 0 0.08772872 0.9921398 0.08923099 0 0.4552224 -0.7834501 0.4037131 1 0.7888491 -0.1256118 0.6016136 0 0.6047919 -0.0154138 -0.7962343 0 0.1092896 0.9919596 0.06380982 0 0.5924044 -0.7841902 0.2464036 1 -0.1173861 -0.04094412 0.9922418 0 0.04476439 -0.9983521 -0.03590047 0 0.9920769 0.04020289 0.1190255 0 -0.3959352 -0.009803493 -0.2210583 1 6.123234E-17 -1.509958E-07 -1 0 -6.123234E-17 -1 1.509958E-07 0 -1 6.123233E-17 -6.123235E-17 0 0.4902212 6.494653E-08 6.478271E-10 1 -4.073995E-06 -8.307097E-08 1 0 0.4788202 -0.8779128 1.87778E-06 0 0.8779129 0.4788203 3.61639E-06 0 -0.04801435 -0.0268844 -0.2150727 1 4.440892E-14 8.742281E-08 1 0 1 0 2.220446E-14 0 -2.220446E-14 1 -8.742281E-08 0 0.03064021 -0.008354515 -0.2150728 1 4.440892E-14 8.742281E-08 1 0 1 0 2.220446E-14 0 -2.220446E-14 1 -8.742281E-08 0 0.1343919 -0.008354536 -0.2150727 1 -0.1143748 0.1048217 0.987892 0 -0.04793195 -0.9938414 0.09990365 0 0.9922804 -0.03592513 0.1186947 0 -0.2008312 -0.02117519 -0.2189386 1 6.123238E-17 -1.509958E-07 -1 0 -6.122989E-17 -1 1.509958E-07 0 -1 6.123254E-17 -6.123541E-17 0 0.4902212 6.494653E-08 6.478271E-10 1 0.1169948 0.04093082 0.9922887 0 0.044773 -0.9983518 0.03590201 0 0.9921228 0.04022738 -0.1186346 0 -0.3960219 -0.009816016 0.2209024 1 2.004422E-05 -9.408346E-08 1 0 0.4791231 -0.8777477 -9.686229E-06 0 0.8777477 0.4791231 -1.754869E-05 0 -0.04800184 -0.02690061 0.2150735 1 0.114825 -0.1047598 0.9878465 0 -0.04794406 -0.9938496 -0.09982352 0 0.9922278 -0.03589915 -0.1191413 0 -0.2007315 -0.02116289 0.2189534 1 2.220446E-14 8.74228E-08 1 0 1 1.387779E-15 0 0 2.220446E-14 1 -8.74228E-08 0 0.03065589 -0.00836482 0.2150736 1 2.220446E-14 8.74228E-08 1 0 1 1.387779E-15 0 0 2.220446E-14 1 -8.74228E-08 0 0.1344076 -0.008364841 0.2150736 1 3.809736E-09 -1.511619E-07 -1 0 -0.08715589 -0.9961947 1.502546E-07 0 -0.9961945 0.08715589 -1.696989E-08 0 0.7636229 -0.06034438 2.461865E-08 1 -4.354491E-08 -1.908969E-07 -1 0 0.9961946 -0.08715597 -2.674141E-08 0 -0.08715597 -0.9961947 1.939657E-07 0 0.1808845 0.7990294 -1.427071E-07 1  
					<BoneIndices>: 1268 14 15 0 0 14 15 0 0 14 0 0 0 29 30 0 0 30 0 0 0 29 30 0 0 43 0 0 0 43 0 0 0 43 0 0 0 43 0 0 0 43 0 0 0 43 0 0 0 43 0 0 0 43 0 0 0 43 0 0 0 43 0 0 0 43 0 0 0 43 0 0 0 32 0 0 0 32 0 0 0 32 0 0 0 43 0 0 0 44 0 0 0 43 0 0 0 44 0 0 0 44 0 0 0 44 0 0 0 44 0 0 0 44 1 43 0 44 0 0 0 0 1 0 0 0 1 0 0 0 1 0 0 0 1 0 0 0 1 0 0 0 3 0 0 0 3 0 0 0 3 0 0 0 3 0 0 3 0 0 0 3 0 0 0 2 3 0 0 4 2 3 0 6 2 5 0 2 6 0 0 2 4 0 0 6 11 0 0 6 11 0 0 8 11 0 0 8 11 0 0 8 0 0 0 2 5 0 0 2 5 0 0 2 4 0 0 5 13 0 0 5 13 0 0 5 13 0 0 9 13 0 0 9 13 0 0 9 13 0 0 9 0 0 0 0 1 0 0 0 1 0 0 0 1 0 0 0 1 0 0 0 1 0 0 0 3 0 0 0 3 0 0 0 3 0 0 0 3 0 0 3 0 0 0 3 0 0 0 4 2 3 0 4 2 3 0 4 15 0 0 4 15 0 0 14 15 0 0 14 15 0 0 14 0 0 0 5 13 0 0 6 2 5 0 6 2 5 0 5 13 0 0 9 13 0 0 9 13 0 0 9 0 0 0 6 11 0 0 7 2 6 0 7 2 6 0 6 11 0 0 8 11 0 0 8 11 0 0 8 0 0 0 7 12 0 0 7 2 6 0 7 2 6 0 7 12 0 0 10 12 0 0 10 12 0 0 10 0 0 0 6 2 5 0 6 11 0 0 6 2 5 0 6 11 0 0 8 11 0 0 8 11 0 0 8 0 0 0 8 11 0 0 8 11 0 0 8 0 0 0 6 11 0 0 6 11 0 0 2 6 0 0 7 2 6 0 2 3 0 0 2 3 0 0 3 0 0 0 3 0 0 0 0 3 0 0 2 7 0 0 7 12 0 0 7 12 0 0 10 12 0 0 2 7 0 0 2 3 0 0 3 0 0 0 7 12 0 0 0 3 0 0 10 12 0 0 10 0 0 0 10 12 0 0 0 3 0 0 0 3 0 0 0 3 0 0 0 3 0 0 0 1 0 0 0 1 0 0 0 1 0 0 0 1 0 0 0 1 0 0 0 1 0 0 0 1 0 0 8 11 0 0 8 11 0 0 8 0 0 0 6 11 0 0 6 11 0 0 2 6 0 0 6 2 5 0 4 2 3 0 2 3 0 0 3 0 0 0 3 0 0 0 0 3 0 0 0 3 0 0 0 3 0 0 0 3 0 0 0 1 0 0 0 1 0 0 0 1 0 0 0 1 0 0 0 1 0 0 0 1 0 0 0 1 0 0 0 3 0 0 0 3 0 0 3 0 0 0 4 2 3 0 4 15 0 0 4 15 0 0 2 4 0 0 14 15 0 0 14 15 0 0 14 0 0 0 14 15 0 0 4 15 0 0 2 5 0 0 2 4 0 0 2 5 0 0 5 13 0 0 5 13 0 0 5 13 0 0 9 13 0 0 9 13 0 0 9 13 0 0 9 0 0 0 8 11 0 0 8 11 0 0 8 0 0 0 6 11 0 0 6 11 0 0 2 6 0 0 7 2 6 0 2 3 0 0 2 3 0 0 3 0 0 0 3 0 0 0 0 3 0 0 0 3 0 0 0 3 0 0 0 3 0 0 0 1 0 0 0 1 0 0 0 3 0 0 0 3 0 0 3 0 0 0 0 1 0 0 2 3 0 0 0 1 0 0 0 1 0 0 0 1 0 0 0 1 0 0 2 7 0 0 2 7 0 0 7 12 0 0 7 12 0 0 7 12 0 0 10 12 0 0 10 12 0 0 10 12 0 0 10 0 0 0 4 15 0 0 2 4 0 0 2 4 0 0 4 15 0 0 14 15 0 0 4 15 0 0 2 4 0 0 14 15 0 0 14 15 0 0 14 0 0 0 2 4 0 0 4 15 0 0 4 2 3 0 4 15 0 0 14 15 0 0 14 15 0 0 16 1 0 0 16 1 0 0 16 1 0 0 16 1 0 0 16 1 0 0 16 18 0 0 16 18 0 0 16 18 0 0 16 18 0 0 18 16 0 0 18 16 0 0 17 18 0 0 19 17 18 0 21 17 20 0 17 21 0 0 17 19 0 0 21 24 0 0 21 24 0 0 24 26 0 0 24 26 0 0 26 0 0 0 17 20 0 0 17 20 0 0 17 19 0 0 20 23 0 0 20 23 0 0 20 23 0 0 23 28 0 0 23 28 0 0 23 28 0 0 28 0 0 0 16 1 0 0 16 1 0 0 16 1 0 0 16 1 0 0 16 1 0 0 16 18 0 0 16 18 0 0 16 18 0 0 16 18 0 0 18 16 0 0 18 16 0 0 19 17 18 0 19 17 18 0 19 29 0 0 19 29 0 0 29 30 0 0 29 30 0 0 30 0 0 0 21 17 20 0 20 23 0 0 21 17 20 0 20 23 0 0 23 28 0 0 23 28 0 0 28 0 0 0 22 17 21 0 21 24 0 0 22 17 21 0 21 24 0 0 24 26 0 0 24 26 0 0 26 0 0 0 22 17 21 0 22 25 0 0 22 17 21 0 22 25 0 0 25 27 0 0 25 27 0 0 27 0 0 0 21 24 0 0 21 17 20 0 21 17 20 0 21 24 0 0 24 26 0 0 24 26 0 0 26 0 0 0 24 26 0 0 26 0 0 0 24 26 0 0 21 24 0 0 21 24 0 0 17 21 0 0 22 17 21 0 17 18 0 0 17 18 0 0 18 16 0 0 18 16 0 0 16 18 0 0 17 22 0 0 22 25 0 0 22 25 0 0 25 27 0 0 17 22 0 0 17 18 0 0 18 16 0 0 22 25 0 0 16 18 0 0 25 27 0 0 27 0 0 0 25 27 0 0 16 18 0 0 16 18 0 0 16 18 0 0 16 18 0 0 16 1 0 0 16 1 0 0 16 1 0 0 16 1 0 0 16 1 0 0 16 1 0 0 16 1 0 0 24 26 0 0 26 0 0 0 24 26 0 0 21 24 0 0 21 24 0 0 17 21 0 0 21 17 20 0 19 17 18 0 17 18 0 0 18 16 0 0 18 16 0 0 16 18 0 0 16 18 0 0 16 18 0 0 16 18 0 0 16 1 0 0 16 1 0 0 16 1 0 0 16 1 0 0 16 1 0 0 16 1 0 0 16 1 0 0 16 18 0 0 16 18 0 0 18 16 0 0 19 17 18 0 19 29 0 0 19 29 0 0 17 19 0 0 29 30 0 0 29 30 0 0 30 0 0 0 29 30 0 0 19 29 0 0 17 20 0 0 17 19 0 0 17 20 0 0 20 23 0 0 20 23 0 0 20 23 0 0 23 28 0 0 23 28 0 0 23 28 0 0 28 0 0 0 24 26 0 0 26 0 0 0 24 26 0 0 21 24 0 0 21 24 0 0 17 21 0 0 22 17 21 0 17 18 0 0 17 18 0 0 18 16 0 0 18 16 0 0 16 18 0 0 16 18 0 0 16 18 0 0 16 18 0 0 16 1 0 0 16 1 0 0 16 18 0 0 16 18 0 0 18 16 0 0 16 1 0 0 17 18 0 0 16 1 0 0 16 1 0 0 16 1 0 0 16 1 0 0 17 22 0 0 17 22 0 0 22 25 0 0 22 25 0 0 22 25 0 0 25 27 0 0 25 27 0 0 25 27 0 0 27 0 0 0 17 19 0 0 19 29 0 0 17 19 0 0 19 29 0 0 29 30 0 0 19 29 0 0 17 19 0 0 29 30 0 0 29 30 0 0 30 0 0 0 19 29 0 0 17 19 0 0 19 17 18 0 19 29 0 0 29 30 0 0 29 30 0 0 31 32 0 0 31 32 0 0 31 32 0 0 31 32 0 0 31 32 0 0 31 36 0 0 31 32 0 0 31 32 0 0 31 36 0 0 36 31 0 0 31 32 0 0 31 32 0 0 36 31 0 0 35 33 36 0 31 36 0 0 31 32 0 0 31 32 0 0 31 36 0 0 36 31 0 0 35 33 36 0 31 32 0 0 31 32 0 0 31 32 0 0 31 36 0 0 31 36 0 0 31 36 0 0 35 0 0 0 35 0 0 0 36 31 0 0 35 33 36 34 35 0 0 0 35 0 0 0 35 0 0 0 36 31 0 0 36 31 0 0 36 31 0 0 35 33 36 34 35 33 36 0 35 33 36 0 35 33 36 34 35 0 0 0 35 0 0 0 35 0 0 0 35 0 0 0 35 0 0 0 35 0 0 0 35 0 0 0 35 0 0 0 35 0 0 0 31 32 0 0 31 32 0 0 31 32 0 0 31 32 0 0 31 36 0 0 31 32 0 0 31 36 0 0 36 31 0 0 31 32 0 0 31 32 0 0 36 31 0 0 35 33 36 0 31 32 0 0 31 32 0 0 31 36 0 0 31 32 0 0 31 32 0 0 31 36 0 0 36 31 0 0 33 36 0 0 31 32 0 0 31 32 0 0 31 32 0 0 31 36 0 0 31 36 0 0 31 36 0 0 36 31 0 0 36 31 0 0 36 31 0 0 36 31 0 0 33 36 0 0 33 36 0 0 35 33 36 0 33 36 0 0 33 36 0 0 33 0 0 0 33 0 0 0 33 0 0 0 33 0 0 0 33 0 0 0 33 35 0 0 35 0 0 0 33 35 0 0 35 0 0 0 35 0 0 0 31 32 0 0 31 32 0 0 31 32 0 0 31 32 0 0 31 32 0 0 31 32 0 0 31 32 0 0 31 32 0 0 31 32 0 0 31 32 0 0 31 32 0 0 31 32 0 0 31 32 0 0 31 32 0 0 31 32 0 0 31 32 0 0 35 0 0 0 33 35 0 0 33 35 0 0 35 0 0 0 35 0 0 0 33 35 0 0 35 0 0 0 35 33 36 34 35 0 0 0 35 0 0 0 35 0 0 0 33 35 0 0 35 33 36 34 35 0 0 0 35 0 0 0 35 0 0 0 35 33 36 34 33 35 0 0 35 0 0 0 35 0 0 0 35 0 0 0 33 35 0 0 35 33 36 34 35 0 0 0 35 0 0 0 35 0 0 0 35 0 0 0 35 0 0 0 33 35 0 0 33 35 0 0 35 0 0 0 35 0 0 0 35 0 0 0 35 0 0 0 33 35 0 0 35 0 0 0 33 35 0 0 33 0 0 0 33 0 0 0 33 0 0 0 33 0 0 0 33 0 0 0 35 0 0 0 33 35 0 0 33 35 0 0 35 0 0 0 38 32 0 0 38 32 0 0 38 32 0 0 38 32 0 0 38 40 0 0 38 32 0 0 38 40 0 0 40 38 0 0 38 32 0 0 38 32 0 0 40 38 0 0 42 39 40 0 38 32 0 0 38 32 0 0 38 40 0 0 38 32 0 0 38 32 0 0 38 40 0 0 40 38 0 0 42 39 40 0 38 32 0 0 38 32 0 0 38 32 0 0 38 40 0 0 38 40 0 0 38 40 0 0 42 0 0 0 42 0 0 0 40 38 0 0 42 39 40 41 42 0 0 0 42 0 0 0 42 0 0 0 40 38 0 0 40 38 0 0 40 38 0 0 42 39 40 41 42 39 40 0 42 39 40 0 42 39 40 41 42 0 0 0 42 0 0 0 42 0 0 0 42 0 0 0 42 0 0 0 42 0 0 0 42 0 0 0 42 0 0 0 42 0 0 0 38 32 0 0 38 32 0 0 38 32 0 0 38 32 0 0 38 32 0 0 38 40 0 0 38 32 0 0 38 32 0 0 38 40 0 0 40 38 0 0 38 32 0 0 38 32 0 0 40 38 0 0 42 39 40 0 38 40 0 0 38 32 0 0 38 32 0 0 38 40 0 0 40 38 0 0 39 40 0 0 38 32 0 0 38 32 0 0 38 32 0 0 38 40 0 0 38 40 0 0 38 40 0 0 40 38 0 0 40 38 0 0 40 38 0 0 40 38 0 0 39 40 0 0 39 40 0 0 42 39 40 0 39 40 0 0 39 40 0 0 39 0 0 0 39 0 0 0 39 0 0 0 39 0 0 0 39 0 0 0 39 42 0 0 42 0 0 0 39 42 0 0 42 0 0 0 42 0 0 0 38 32 0 0 38 32 0 0 38 32 0 0 38 32 0 0 38 32 0 0 38 32 0 0 38 32 0 0 38 32 0 0 38 32 0 0 38 32 0 0 38 32 0 0 38 32 0 0 38 32 0 0 38 32 0 0 38 32 0 0 38 32 0 0 39 42 0 0 42 0 0 0 39 42 0 0 42 0 0 0 42 0 0 0 42 0 0 0 39 42 0 0 42 39 40 41 42 0 0 0 42 0 0 0 39 42 0 0 42 0 0 0 42 39 40 41 42 0 0 0 42 0 0 0 42 39 40 41 42 0 0 0 39 42 0 0 42 0 0 0 42 0 0 0 39 42 0 0 42 0 0 0 42 39 40 41 42 0 0 0 42 0 0 0 42 0 0 0 42 0 0 0 42 0 0 0 39 42 0 0 39 42 0 0 42 0 0 0 42 0 0 0 42 0 0 0 39 42 0 0 42 0 0 0 42 0 0 0 39 42 0 0 39 0 0 0 39 0 0 0 39 0 0 0 39 0 0 0 39 0 0 0 42 0 0 0 39 42 0 0 42 0 0 0 39 42 0 0 43 0 0 0 43 0 0 0 43 0 0 0 43 0 0 0 43 0 0 0 43 0 0 0 43 0 0 0 43 0 0 0 43 0 0 0 43 0 0 0 43 0 0 0 43 0 0 0 43 0 0 0 43 0 0 0 43 0 0 0 43 0 0 0 43 0 0 0 43 0 0 0 43 0 0 0 43 0 0 0 43 0 0 0 43 0 0 0 43 0 0 0 43 0 0 0 43 0 0 0 43 0 0 0 43 0 0 0 43 0 0 0 43 0 0 0 43 0 0 0 43 0 0 0 43 0 0 0 43 0 0 0 43 0 0 0 43 0 0 0 43 0 0 0 43 0 0 0 43 0 0 0 43 0 0 0 43 0 0 0 43 0 0 0 43 0 0 0 43 0 0 0 43 0 0 0 43 0 0 0 43 0 0 0 43 0 0 0 43 0 0 0 43 0 0 0 43 0 0 0 43 0 0 0 43 0 0 0 43 0 0 0 43 0 0 0 43 0 0 0 43 0 0 0 43 0 0 0 43 0 0 0 43 0 0 0 43 0 0 0 43 0 0 0 43 0 0 0 43 0 0 0 43 0 0 0 43 0 0 0 43 0 0 0 43 0 0 0 43 0 0 0 43 0 0 0 43 0 0 0 43 0 0 0 43 0 0 0 43 0 0 0 43 0 0 0 43 0 0 0 43 0 0 0 43 0 0 0 43 0 0 0 43 0 0 0 43 0 0 0 43 0 0 0 43 0 0 0 43 0 0 0 43 0 0 0 43 0 0 0 43 0 0 0 43 0 0 0 43 0 0 0 43 0 0 0 43 0 0 0 43 0 0 0 43 0 0 0 43 0 0 0 43 0 0 0 43 0 0 0 43 0 0 0 43 0 0 0 43 0 0 0 43 0 0 0 43 0 0 0 43 0 0 0 43 0 0 0 43 0 0 0 43 0 0 0 43 0 0 0 43 0 0 0 43 0 0 0 43 0 0 0 43 0 0 0 43 0 0 0 43 0 0 0 43 0 0 0 43 0 0 0 43 0 0 0 43 0 0 0 43 0 0 0 43 0 0 0 43 0 0 0 43 0 0 0 43 0 0 0 43 0 0 0 43 0 0 0 43 0 0 0 43 0 0 0 43 0 0 0 43 0 0 0 43 0 0 0 43 0 0 0 43 0 0 0 43 0 0 0 43 0 0 0 43 0 0 0 43 0 0 0 43 0 0 0 43 0 0 0 43 0 0 0 43 0 0 0 43 0 0 0 43 0 0 0 43 0 0 0 43 0 0 0 43 0 0 0 43 0 0 0 43 0 0 0 43 0 0 0 43 0 0 0 43 0 0 0 43 0 0 0 43 0 0 0 43 0 0 0 43 0 0 0 43 0 0 0 43 0 0 0 43 0 0 0 43 0 0 0 43 0 0 0 43 0 0 0 43 0 0 0 43 0 0 0 43 0 0 0 43 0 0 0 43 0 0 0 43 0 0 0 43 0 0 0 43 0 0 0 43 0 0 0 43 0 0 0 43 0 0 0 43 0 0 0 43 0 0 0 43 0 0 0 43 0 0 0 43 0 0 0 43 0 0 0 43 0 0 0 43 0 0 0 43 0 0 0 43 0 0 0 43 0 0 0 43 0 0 0 43 0 0 0 43 0 0 0 43 0 0 0 43 0 0 0 43 0 0 0 43 0 0 0 43 0 0 0 43 0 0 0 43 0 0 0 43 0 0 0 43 0 0 0 43 0 0 0 43 0 0 0 43 0 0 0 43 0 0 0 43 0 0 0 43 0 0 0 43 0 0 0 43 0 0 0 43 0 0 0 43 0 0 0 43 0 0 0 43 0 0 0 43 0 0 0 43 0 0 0 43 0 0 0 43 0 0 0 43 0 0 0 43 0 0 0 43 0 0 0 43 0 0 0 43 0 0 0 43 0 0 0 43 0 0 0 1 43 0 0 43 0 0 0 43 0 0 0 43 0 0 0 43 0 0 0 43 0 0 0 43 0 0 0 43 0 0 0 1 43 0 0 43 0 0 0 43 0 0 0 1 43 0 0 43 0 0 0 43 0 0 0 43 0 0 0 43 0 0 0 1 43 0 0 43 0 0 0 43 0 0 0 43 0 0 0 1 32 43 0 1 43 0 0 1 43 0 0 1 43 0 0 1 43 0 0 43 0 0 0 1 32 43 0 43 0 0 0 43 0 0 0 43 0 0 0 1 32 43 0 1 32 43 0 1 43 0 0 43 0 0 0 1 32 43 0 1 32 0 0 1 32 0 0 1 32 0 0 1 32 0 0 1 32 43 0 44 1 43 0 1 32 0 0 44 0 0 0 43 0 0 0 43 0 0 0 43 0 0 0 43 0 0 0 43 0 0 0 43 0 0 0 43 0 0 0 32 0 0 0 32 0 0 0 32 0 0 0 32 0 0 0 32 0 0 0 32 0 0 0 32 0 0 0 32 0 0 0 32 0 0 0 1 32 0 0 1 32 43 0 44 1 43 0 44 0 0 0 44 0 0 0 44 0 0 0 44 0 0 0 44 0 0 0 32 0 0 0 32 0 0 0 32 0 0 0 32 0 0 0 32 0 0 0 44 1 43 0 43 0 0 0 43 0 0 0 43 0 0 0 43 0 0 0 43 0 0 0 43 0 0 0 43 0 0 0 1 32 43 0 1 32 43 0 1 32 43 0 1 32 0 0 1 32 0 0 32 0 0 0 1 32 43 0 1 32 0 0 32 0 0 0 32 0 0 0 32 0 0 0 32 0 0 0 32 0 0 0 32 0 0 0 32 0 0 0 32 0 0 0 32 0 0 0 32 0 0 0 32 0 0 0 32 0 0 0 32 0 0 0 32 0 0 0 32 0 0 0 32 0 0 0 32 0 0 0 32 0 0 0 1 32 0 0 32 0 0 0 32 0 0 0 32 0 0 0 32 0 0 0 32 0 0 0 1 32 0 0 32 0 0 0 32 0 0 0 1 32 0 0 1 32 43 0 43 0 0 0 43 0 0 0 43 0 0 0 43 0 0 0 43 0 0 0 43 0 0 0 43 0 0 0 43 0 0 0 43 0 0 0 43 0 0 0 43 0 0 0 43 0 0 0 43 0 0 0 43 0 0 0 43 0 0 0 43 0 0 0 43 0 0 0 43 0 0 0 43 0 0 0 43 0 0 0 43 0 0 0 43 0 0 0 43 0 0 0 43 0 0 0 43 0 0 0 43 0 0 0 43 0 0 0 43 0 0 0 43 0 0 0 43 0 0 0 43 0 0 0 43 0 0 0 43 0 0 0 43 0 0 0 43 0 0 0 43 0 0 0 43 0 0 0 43 0 0 0 43 0 0 0 43 0 0 0 43 0 0 0 43 0 0 0 43 0 0 0 43 0 0 0 43 0 0 0 43 0 0 0 43 0 0 0 43 0 0 0 43 0 0 0 43 0 0 0 43 0 0 0 43 0 0 0 43 0 0 0 43 0 0 0 43 0 0 0 43 0 0 0 43 0 0 0 43 0 0 0 43 0 0 0 43 0 0 0 43 0 0 0 43 0 0 0 43 0 0 0 43 0 0 0 43 0 0 0 43 0 0 0 43 0 0 0 43 0 0 0 43 0 0 0 43 0 0 0 43 0 0 0 43 0 0 0 43 0 0 0 43 0 0 0 43 0 0 0 43 0 0 0 43 0 0 0 43 0 0 0 43 0 0 0 43 0 0 0 43 0 0 0 43 0 0 0 43 0 0 0 43 0 0 0 43 0 0 0 43 0 0 0 43 0 0 0 43 0 0 0 43 0 0 0 43 0 0 0 43 0 0 0 43 0 0 0 43 0 0 0 43 0 0 0 43 0 0 0 43 0 0 0 43 0 0 0 44 0 0 0 44 0 0 0 43 0 0 0 44 0 0 0 43 0 0 0 44 0 0 0 43 0 0 0 44 0 0 0 44 0 0 0 43 0 0 0 44 0 0 0 44 0 0 0 43 0 0 0 43 0 0 0 43 0 0 0 43 0 0 0 43 0 0 0 43 0 0 0 43 0 0 0 43 0 0 0 43 0 0 0 44 0 0 0 44 0 0 0 43 0 0 0 44 0 0 0 44 0 0 0 44 0 0 0 44 0 0 0 44 0 0 0 44 0 0 0 44 0 0 0 44 0 0 0 44 0 0 0 44 0 0 0 44 0 0 0 44 0 0 0 44 0 0 0 44 0 0 0 44 0 0 0 44 0 0 0 44 0 0 0 44 0 0 0 44 0 0 0 44 0 0 0 44 0 0 0 44 0 0 0 44 0 0 0 44 0 0 0 44 0 0 0 43 0 0 0 43 0 0 0 44 0 0 0 43 0 0 0 43 0 0 0 43 0 0 0 43 0 0 0 43 0 0 0 43 0 0 0 43 0 0 0 43 0 0 0 43 0 0 0 43 0 0 0 43 0 0 0 43 0 0 0 43 0 0 0 43 0 0 0 43 0 0 0 43 0 0 0 43 0 0 0 43 0 0 0 43 0 0 0 43 0 0 0 43 0 0 0 43 0 0 0 43 0 0 0 43 0 0 0 43 0 0 0 43 0 0 0 43 0 0 0 43 0 0 0 43 0 0 0 43 0 0 0 43 0 0 0 43 0 0 0  
