<Hierarchy>:
	<Frame>: 0 0 Shadow
		<Transform>: 0 0 0 0 0 0 1.3 1.3 1.3 0 0 0 1  
		<TransformMatrix>: 1.3 0 0 0 0 1.3 0 0 0 0 1.3 0 0 0 0 1  
		<Children>: 17
			<Frame>: 1 0 Rig
				<Transform>: 0 0 0 0 270 270 1 1 1 0.5000001 -0.5000001 -0.4999999 0.4999999  
				<TransformMatrix>: 0 -1 0 0 -2.384186E-07 0 1 0 -1 0 -2.384186E-07 0 0 0 0 1  
				<Children>: 0
			</Frame>
			<Frame>: 2 0 RigHair1Gizmo
				<Transform>: 0.02898982 2.070107 0.2350334 1.194449 268.9285 273.8251 0.9999995 0.9999996 0.9999998 0.4928353 -0.5161987 -0.4730379 0.5166115  
				<TransformMatrix>: 0.01954805 -0.997555 0.06708872 0 -0.02004825 0.06669697 0.9975714 0 -0.9996077 -0.02084556 -0.01869547 0 0.02898982 2.070107 0.2350334 1  
				<Children>: 0
			</Frame>
			<Frame>: 3 0 RigHair2Gizmo
				<Transform>: 0.02639613 2.202465 0.2261319 1.194446 268.9285 280.7153 0.9999995 0.9999996 0.9999998 0.4609256 -0.5448813 -0.441139 0.5441033  
				<TransformMatrix>: 0.0170015 -0.9823493 0.1862787 0 -0.02224915 0.1858879 0.9823186 0 -0.9996077 -0.0208455 -0.01869607 0 0.02639613 2.202465 0.2261319 1  
				<Children>: 0
			</Frame>
			<Frame>: 4 0 RigHeadGizmo
				<Transform>: 0.03759182 1.670904 0.2202172 1.194448 268.9285 272.3188 1 1 0.9999999 0.4995778 -0.5096761 -0.4797876 0.5103491  
				<TransformMatrix>: 0.02006817 -0.9989641 0.04084301 0 -0.01952735 0.04045177 0.9989908 0 -0.9996078 -0.02084553 -0.01869535 0 0.03759182 1.670904 0.2202172 1  
				<Children>: 0
			</Frame>
			<Frame>: 5 0 RigJawGizmo
				<Transform>: 0.03429239 1.726158 0.3350195 0.9027809 268.6735 153.4498 0.9999997 1 0.9999997 0.6948467 0.1695932 -0.6814719 -0.1549911  
				<TransformMatrix>: 0.01366829 0.4469266 -0.8944659 0 0.02443832 -0.8944321 -0.4465363 0 -0.9996076 -0.01575584 -0.02314758 0 0.03429239 1.726158 0.3350195 1  
				<Children>: 0
			</Frame>
			<Frame>: 6 0 RigLArm1Gizmo
				<Transform>: -0.4806764 1.382005 0.2332353 45.5003 123.9673 116.3677 1 1.000002 1.000001 0.7875669 0.2748515 0.1881087 0.518469  
				<TransformMatrix>: 0.7781439 0.6279852 0.01129228 0 0.2378713 -0.3112934 0.9200634 0 0.5813009 -0.7132548 -0.3916103 0 -0.4806764 1.382005 0.2332353 1  
				<Children>: 0
			</Frame>
			<Frame>: 7 0 RigLArm2Gizmo
				<Transform>: -0.8800464 1.059702 0.2274397 39.42771 136.1725 46.05882 1.000003 0.9999999 1 0.457525 0.7545171 -0.1505656 0.4457632  
				<TransformMatrix>: -0.1839326 0.5561891 -0.8104489 0 0.8246539 0.5360017 0.180687 0 0.5348971 -0.6351045 -0.5572507 0 -0.8800464 1.059702 0.2274397 1  
				<Children>: 0
			</Frame>
			<Frame>: 8 0 RigLArmPalmGizmo
				<Transform>: -0.8363218 0.9274846 0.4200999 313.894 34.61929 63.48286 0.9999968 1.000009 0.9999961 -0.1739027 0.4295036 0.5612351 0.6857839  
				<TransformMatrix>: 0.001083549 0.6203864 -0.7842914 0 -0.9191637 0.3095487 0.2435878 0 0.3938912 0.7206216 0.5705668 0 -0.8363218 0.9274846 0.4200999 1  
				<Children>: 0
			</Frame>
			<Frame>: 9 0 RigLLegPlatform
				<Transform>: -0.3640329 -5.064688E-09 0.115867 0 265 270 1 1 1 0.5213338 -0.5213338 -0.4777144 0.4777144  
				<TransformMatrix>: 0 -1 0 0 -0.08715582 0 0.9961951 0 -0.9961951 0 -0.08715585 0 -0.3640329 -5.064688E-09 0.115867 1  
				<Children>: 0
			</Frame>
			<Frame>: 10 0 RigPelvis
				<Transform>: 2.542599E-14 0.6584287 -7.394637E-08 0.3904935 276.2482 262.8548 1 1 1 -0.5021785 0.4397726 0.5567834 -0.4943774  
				<TransformMatrix>: -0.006815314 -0.992211 -0.124382 0 0.1088336 -0.1243821 0.986248 0 -0.9940369 -0.006815345 0.1088336 0 2.542599E-14 0.6584287 -7.394637E-08 1  
				<Children>: 3
					<Frame>: 11 0 RigLLeg1
						<Transform>: 0.09855213 2.861023E-08 0.2392234 357.2929 163.4349 310.366 1.000002 1.000001 0.9999977 -0.4183165 0.896507 -0.03922956 0.1405266  
						<TransformMatrix>: -0.6105288 -0.7610745 -0.2191459 0 -0.7390221 0.6469452 -0.1879085 0 0.2847863 0.04722993 -0.9574246 0 0.09855213 2.861023E-08 0.2392234 1  
						<Children>: 1
							<Frame>: 12 0 RigLLeg2
								<Transform>: -0.2383724 -1.907349E-08 -7.629394E-08 1.505891 358.9369 54.87155 1.000021 1 0.9999787 0.007388228 -0.01428783 0.4608026 0.8873569  
								<TransformMatrix>: 0.5749255 0.8175986 0.03216651 0 -0.818004 0.5752128 -5.574898E-05 0 -0.01854739 -0.02627917 0.9994613 0 -0.2383724 -1.907349E-08 -7.629394E-08 1  
								<Children>: 1
									<Frame>: 13 0 RigLLegAnkle
										<Transform>: -0.2878958 9.536743E-09 0 352.9822 19.98372 289.8484 1.000017 0.999988 0.9999945 -0.14885 0.107094 -0.5561918 0.810571  
										<TransformMatrix>: 0.3583693 -0.9335639 -0.00803641 0 0.8697736 0.3369847 -0.3604322 0 0.339191 0.1221767 0.932744 0 -0.2878958 9.536743E-09 0 1  
										<Children>: 1
											<Frame>: 14 0 RigLLegToes1
												<Transform>: -0.2386271 1.907349E-08 0 -2.990104E-07 -3.176978E-07 328.6474 1.000005 0.9999946 0.9999999 -1.76318E-09 -3.374366E-09 -0.2702024 0.9628035  
												<TransformMatrix>: 0.853986 -0.5203066 7.450576E-09 0 0.5203009 0.8539767 -1.57166E-09 0 -5.544872E-09 5.218716E-09 0.9999999 0 -0.2386271 1.907349E-08 0 1  
												<Children>: 0
											</Frame>
									</Frame>
							</Frame>
					</Frame>
					<Frame>: 15 0 RigRLeg1
						<Transform>: 0.09855247 2.861023E-08 -0.2392229 2.683615 197.1927 347.5047 1.000003 1.000001 0.9999977 -0.1110532 0.9822431 -0.006754269 -0.1510633  
						<TransformMatrix>: -0.9296967 -0.2161223 0.2982627 0 -0.2202032 0.9752437 0.02028346 0 -0.295261 -0.04682068 -0.9542665 0 0.09855247 2.861023E-08 -0.2392229 1  
						<Children>: 1
							<Frame>: 16 0 RigRLeg2
								<Transform>: -0.2383723 -1.192093E-08 1.144409E-07 358.6731 0.9153959 44.25838 1.000022 0.999997 0.99998 -0.007717005 0.01176104 0.3767447 0.9262103  
								<TransformMatrix>: 0.7158663 0.6977237 -0.02760169 0 -0.698069 0.7160057 -0.005433307 0 0.01597139 0.02315649 0.9995842 0 -0.2383723 -1.192093E-08 1.144409E-07 1  
								<Children>: 1
									<Frame>: 17 0 RigRLegAnkle
										<Transform>: -0.2878958 0 0 355.8971 339.4006 264.8149 1.000025 0.9999806 0.9999941 0.108181 -0.1465088 -0.7303205 0.6583799  
										<TransformMatrix>: -0.1096685 -0.9933804 0.03490413 0 0.9299397 -0.09014063 0.3564381 0 -0.3509283 0.07154792 0.9336587 0 -0.2878958 0 0 1  
										<Children>: 1
											<Frame>: 18 0 RigRLegToes1
												<Transform>: -0.2386266 1.430511E-08 3.814697E-08 -0.0002848821 0.008525948 328.6739 1.000007 0.9999931 0.9999999 -2.248103E-05 7.096887E-05 -0.2699797 0.962866  
												<TransformMatrix>: 0.8542277 -0.5199122 -0.000124529 0 0.5199051 0.854216 -8.16122E-05 0 0.0001488058 4.972131E-06 0.9999999 0 -0.2386266 1.430511E-08 3.814697E-08 1  
												<Children>: 0
											</Frame>
									</Frame>
							</Frame>
					</Frame>
					<Frame>: 19 0 RigSpine1
						<Transform>: -0.06059067 -0.1086684 2.086163E-08 359.6924 0.02637311 359.6002 1 1 1 -0.002685128 0.0002207814 -0.003488204 0.9999903  
						<TransformMatrix>: 0.9999758 -0.006977528 -0.000422826 0 0.006975157 0.9999615 -0.005371745 0 0.000460291 0.005368663 0.9999855 0 -0.06059067 -0.1086684 2.086163E-08 1  
						<Children>: 1
							<Frame>: 20 0 RigSpine2
								<Transform>: -0.304783 0 -1.192093E-09 358.0027 359.8692 13.27571 0.9999995 0.9999999 0.9999998 -0.01744412 0.00088147 0.1155561 0.9931474  
								<TransformMatrix>: 0.9732915 0.2294976 -0.005782405 0 -0.2295592 0.9726849 -0.03444544 0 -0.002280689 0.03485287 0.9993896 0 -0.304783 0 -1.192093E-09 1  
								<Children>: 1
									<Frame>: 21 0 RigSpine3
										<Transform>: -0.2239294 4.768371E-09 0 358.1717 1.493242 330.9996 0.9999995 1 0.9999999 -0.01870706 0.008619589 -0.2501293 0.9679934  
										<TransformMatrix>: 0.8747216 -0.4845692 -0.007329037 0 0.4839245 0.8741708 -0.04052865 0 0.02604578 0.0319046 0.9991514 0 -0.2239294 4.768371E-09 0 1  
										<Children>: 1
											<Frame>: 22 0 RigRibcage
												<Transform>: -0.2892524 0 4.768371E-09 359.657 1.05839 353.381 1 1 0.9999999 -0.003521726 0.009047802 -0.05769934 0.9982868  
												<TransformMatrix>: 0.993178 -0.1152647 -0.0176582 0 0.1151373 0.993317 -0.008075492 0 0.018471 0.005987281 0.9998114 0 -0.2892524 0 4.768371E-09 1  
												<Children>: 3
													<Frame>: 23 0 RigLArmCollarbone
														<Transform>: -0.07210724 0.3802842 0.1346824 2.370801 108.3598 29.857 0.9999997 0.9999995 1 0.220542 0.7802038 0.1345254 0.5696895  
														<TransformMatrix>: -0.25363 0.4974106 -0.8296106 0 0.1908598 0.8665279 0.4611951 0 0.9482851 -0.04136646 -0.3147135 0 -0.07210724 0.3802842 0.1346824 1  
														<Children>: 1
															<Frame>: 24 0 RigLArm1
																<Transform>: -0.4562247 -3.814697E-08 0 1.028905 21.43899 321.886 1 1.000002 1.000001 -0.05238985 0.1786804 -0.3223763 0.9281176  
																<TransformMatrix>: 0.7282938 -0.6171286 -0.2978945 0 0.5796852 0.7866588 -0.2124529 0 0.3654517 -0.01795682 0.930658 0 -0.4562247 -3.814697E-08 0 1  
																<Children>: 1
																	<Frame>: 25 0 RigLArm2
																		<Transform>: -0.513234 -3.814697E-08 0 10.82238 0.6474248 281.4839 1.000001 0.9999993 0.9999994 0.06945845 0.06403036 -0.6303967 0.7705035  
																		<TransformMatrix>: 0.1970004 -0.9625518 -0.1862442 0 0.9803399 0.1955508 0.02630687 0 0.01109848 -0.1877649 0.9821507 0 -0.513234 -3.814697E-08 0 1  
																		<Children>: 1
																			<Frame>: 26 0 RigLArmPalm
																				<Transform>: -0.2377203 0 0 305.494 193.3499 160.72 0.9999943 1.000008 0.999996 0.8794125 0.09538385 -0.02571228 -0.4656978  
																				<TransformMatrix>: 0.9804761 0.1917107 0.04361644 0 0.1438164 -0.5480596 -0.8239928 0 -0.1340629 0.8141726 -0.5649266 0 -0.2377203 0 0 1  
																				<Children>: 4
																					<Frame>: 27 0 RigLArmDigit11
																						<Transform>: -0.05972847 -0.0128553 0.1883231 29.26127 61.70523 49.66361 0.999991 1.000004 1.000005 0.4051779 0.3592614 0.231279 0.8082525  
																						<TransformMatrix>: 0.6348768 0.6649873 -0.393326 0 -0.0827345 0.5646838 0.8211543 0 0.7681704 -0.4887955 0.4135265 0 -0.05972847 -0.0128553 0.1883231 1  
																						<Children>: 1
																							<Frame>: 28 0 RigLArmDigit12
																								<Transform>: -0.07123154 -7.629394E-08 -3.814697E-08 358.9043 354.8709 36.95201 1.000005 1 0.9999944 -0.02323899 -0.03940985 0.3161698 0.9475988  
																								<TransformMatrix>: 0.796971 0.601039 0.05999482 0 -0.5973727 0.7989933 -0.06896292 0 -0.08938389 0.01912197 0.995808 0 -0.07123154 -7.629394E-08 -3.814697E-08 1  
																								<Children>: 1
																									<Frame>: 29 0 RigLArmDigit13
																										<Transform>: -0.08143326 0 0 345.5803 354.1939 41.43932 1.000009 0.9999951 0.9999945 -0.1350125 -0.002650167 0.3446027 0.9289852  
																										<TransformMatrix>: 0.7624908 0.6409832 -0.08812822 0 -0.639543 0.7260376 -0.2526745 0 -0.09797473 0.2490213 0.9635239 0 -0.08143326 0 0 1  
																										<Children>: 0
																									</Frame>
																							</Frame>
																					</Frame>
																					<Frame>: 30 0 RigLArmDigit21
																						<Transform>: -0.226203 -7.629394E-08 0.1311835 0.0191296 2.285644 38.73 0.9999899 1.000001 1.000008 0.006770816 0.01876098 0.3315157 0.9432389  
																						<TransformMatrix>: 0.7794828 0.6256447 -0.03090259 0 -0.6251438 0.7801039 0.02521214 0 0.03988177 -0.0003338773 0.9992128 0 -0.226203 -7.629394E-08 0.1311835 1  
																						<Children>: 1
																							<Frame>: 31 0 RigLArmDigit22
																								<Transform>: -0.1023975 7.629394E-08 0 0.2844074 3.742001 50.00434 0.9999881 1.000003 1.000009 0.01604742 0.02854129 0.4223525 0.9058401  
																								<TransformMatrix>: 0.6415999 0.7660747 -0.0381519 0 -0.7642539 0.6427235 0.05318191 0 0.06526363 -0.004963871 0.9978651 0 -0.1023975 7.629394E-08 0 1  
																								<Children>: 1
																									<Frame>: 32 0 RigLArmDigit23
																										<Transform>: -0.09782883 0 0 358.0177 359.3061 35.9 0.9999906 1 1.000009 -0.01832158 -0.0004289261 0.3080355 0.9511983  
																										<TransformMatrix>: 0.8102203 0.5860159 -0.01047131 0 -0.5859902 0.8095572 -0.03511918 0 -0.01210349 0.03459097 0.999337 0 -0.09782883 0 0 1  
																										<Children>: 0
																									</Frame>
																							</Frame>
																					</Frame>
																					<Frame>: 33 0 RigLArmDigit31
																						<Transform>: -0.2262029 -7.629394E-08 -0.01345139 359.9877 358.6064 38.02376 0.9999901 1.000001 1.000009 -0.004063138 -0.01146273 0.3257388 0.9453816  
																						<TransformMatrix>: 0.7875178 0.6159821 0.01902607 0 -0.6158024 0.787756 -0.01515016 0 -0.02432056 0.0002147225 0.9997129 0 -0.2262029 -7.629394E-08 -0.01345139 1  
																						<Children>: 1
																							<Frame>: 34 0 RigLArmDigit32
																								<Transform>: -0.1184961 1.525879E-07 3.814697E-08 0.08825675 1.390711 48.15312 0.9999896 1.000003 1.000009 0.00565407 0.01076595 0.4079183 0.9129375  
																								<TransformMatrix>: 0.6669666 0.7449218 -0.01504432 0 -0.744688 0.6671433 0.01910693 0 0.02427029 -0.001540384 0.9997132 0 -0.1184961 1.525879E-07 3.814697E-08 1  
																								<Children>: 1
																									<Frame>: 35 0 RigLArmDigit33
																										<Transform>: -0.1113161 0 -3.814697E-08 -0.000153116 9.363565E-05 38.5233 0.9999902 1 1.00001 -9.918365E-07 1.21217E-06 0.3298827 0.9440219  
																										<TransformMatrix>: 0.7823472 0.6228268 -2.94298E-06 0 -0.6228332 0.7823552 -1.072884E-06 0 1.634267E-06 2.672405E-06 1.00001 0 -0.1113161 0 -3.814697E-08 1  
																										<Children>: 0
																									</Frame>
																							</Frame>
																					</Frame>
																					<Frame>: 36 0 RigLArmDigit41
																						<Transform>: -0.2262029 -1.525879E-07 -0.1644263 359.9568 354.7871 38.82598 0.9999903 1.000001 1.000008 -0.0154697 -0.04276514 0.3320149 0.9421772  
																						<TransformMatrix>: 0.7758669 0.6269509 0.07031166 0 -0.6243113 0.7790542 -0.05754779 0 -0.0908578 0.0007530737 0.995872 0 -0.2262029 -1.525879E-07 -0.1644263 1  
																						<Children>: 1
																							<Frame>: 37 0 RigLArmDigit42
																								<Transform>: -0.1006257 7.629394E-08 0 0.1373681 1.956057 46.80531 0.9999901 1.000001 1.000009 0.007879621 0.01518875 0.3971134 0.91761  
																								<TransformMatrix>: 0.6841336 0.7290227 -0.02161628 0 -0.728552 0.6844785 0.02652419 0 0.03413321 -0.002397544 0.9994233 0 -0.1006257 7.629394E-08 0 1  
																								<Children>: 1
																									<Frame>: 38 0 RigLArmDigit43
																										<Transform>: -0.1147702 3.814697E-08 0 0.9248953 3.118006 39.09784 0.9999909 1 1.000009 0.01670635 0.02293756 0.3342699 0.9420501  
																										<TransformMatrix>: 0.7754679 0.6305587 -0.03204751 0 -0.629032 0.7759694 0.04681114 0 0.05438599 -0.01614191 0.9983981 0 -0.1147702 3.814697E-08 0 1  
																										<Children>: 0
																									</Frame>
																							</Frame>
																					</Frame>
																			</Frame>
																	</Frame>
															</Frame>
													</Frame>
													<Frame>: 39 0 RigNeck
														<Transform>: -0.05641296 0.08071236 -9.536743E-09 3.372287 355.194 355.6521 1 0.9999991 0.9999997 0.03096725 -0.04076409 -0.03665103 0.9980161  
														<TransformMatrix>: 0.9939904 -0.07568137 0.07909651 0 0.07063187 0.9953946 0.06479966 0 -0.08363638 -0.05882352 0.9947584 0 -0.05641296 0.08071236 -9.536743E-09 1  
														<Children>: 1
															<Frame>: 40 0 RigHead
																<Transform>: -0.168313 0 -9.536743E-09 6.800712 9.497561 36.7385 1 1 1 0.08214064 0.0598027 0.308845 0.9456698  
																<TransformMatrix>: 0.8020769 0.5939551 -0.06236978 0 -0.5743063 0.7957356 0.1922954 0 0.1638447 -0.1184163 0.9793531 0 -0.168313 0 -9.536743E-09 1  
																<Children>: 2
																	<Frame>: 41 0 RigHair1
																		<Transform>: -0.3983566 0.03111774 4.768371E-09 -1.569292E-06 4.869633E-06 1.506276 0.9999994 0.9999993 0.9999999 -1.313489E-08 4.26719E-08 0.01314436 0.9999136  
																		<TransformMatrix>: 0.9996539 0.02628644 -8.568168E-08 0 -0.02628643 0.9996538 -2.514571E-08 0 8.499112E-08 2.73893E-08 0.9999999 0 -0.3983566 0.03111774 4.768371E-09 1  
																		<Children>: 1
																			<Frame>: 42 0 RigHair2
																				<Transform>: -0.1326825 -3.814697E-08 0 1.307225E-06 -1.048434E-05 6.890132 1 1 1 5.88911E-09 -9.201334E-08 0.06009153 0.9981929  
																				<TransformMatrix>: 0.992778 0.1199659 1.844019E-07 0 -0.1199659 0.992778 6.984919E-10 0 -1.829864E-07 -2.281538E-08 1 0 -0.1326825 -3.814697E-08 0 1  
																				<Children>: 0
																			</Frame>
																	</Frame>
																	<Frame>: 43 0 RigJaw
																		<Transform>: -0.05057449 0.116986 -9.536743E-09 0.2430035 359.6983 241.1349 0.9999995 1 0.9999999 0.003345628 0.0004868214 -0.8610231 0.5085546  
																		<TransformMatrix>: -0.4827219 -0.8757508 -0.006256474 0 0.8757581 -0.4827442 0.00256454 0 -0.005266175 -0.004241197 0.999977 0 -0.05057449 0.116986 -9.536743E-09 1  
																		<Children>: 0
																	</Frame>
															</Frame>
													</Frame>
													<Frame>: 44 0 RigRArmCollarbone
														<Transform>: -0.07210739 0.3802842 -0.1346824 357.6292 251.6402 29.857 1 0.9999998 0.9999989 -0.2205419 -0.7802039 0.1345255 0.5696895  
														<TransformMatrix>: -0.2536304 0.497411 0.8296109 0 0.1908597 0.8665281 -0.4611953 0 -0.9482839 0.04136604 -0.3147134 0 -0.07210739 0.3802842 -0.1346824 1  
														<Children>: 1
															<Frame>: 45 0 RigRArm1
																<Transform>: -0.4562247 -3.814697E-08 0 357.5743 328.1658 346.8809 1.000002 1.000002 1.000001 0.01110006 -0.2747149 -0.1155982 0.9544871  
																<TransformMatrix>: 0.8223394 -0.2267732 0.5218586 0 0.2145758 0.9730298 0.08470301 0 -0.5269902 0.04232341 0.8488175 0 -0.4562247 -3.814697E-08 0 1  
																<Children>: 1
																	<Frame>: 46 0 RigRArm2
																		<Transform>: -0.5132339 0 0 343.4954 343.3964 299.5422 0.9999971 1.000004 1.000001 -0.05077554 -0.1949673 -0.5109281 0.8356807  
																		<TransformMatrix>: 0.4018793 -0.8341438 0.377745 0 0.8737481 0.4727505 0.1143647 0 -0.2739758 0.2840932 0.9188203 0 -0.5132339 0 0 1  
																		<Children>: 1
																			<Frame>: 47 0 RigRArmPalm
																				<Transform>: -0.2377202 1.907349E-08 0 80.91996 240.3172 236.2998 1.000003 0.999994 0.9999976 0.7338594 -0.0229185 -0.07233301 0.6750505  
																				<TransformMatrix>: 0.988488 -0.1312951 -0.07522244 0 0.06401858 -0.08756287 0.994094 0 -0.1371065 -0.9874665 -0.0781496 0 -0.2377202 1.907349E-08 0 1  
																				<Children>: 4
																					<Frame>: 48 0 RigRArmDigit11
																						<Transform>: -0.05972858 -0.01285538 -0.1883193 330.7391 298.2947 49.56409 1.000007 0.9999999 0.9999946 -0.4048636 -0.3596153 0.2305785 0.8084528  
																						<TransformMatrix>: 0.635025 0.6640185 0.394761 0 -0.08163344 0.565838 -0.8204652 0 -0.7681655 0.4887843 0.4135225 0 -0.05972858 -0.01285538 -0.1883193 1  
																						<Children>: 1
																							<Frame>: 49 0 RigRArmDigit12
																								<Transform>: -0.07123146 0 3.814697E-08 1.095635 5.129224 36.85245 0.999993 1.000002 1.000005 0.02320462 0.03943091 0.3153464 0.9478731  
																								<TransformMatrix>: 0.7979982 0.5996425 -0.06011559 0 -0.5959879 0.800038 0.06885899 0 0.08938646 -0.01912138 0.995819 0 -0.07123146 0 3.814697E-08 1  
																								<Children>: 1
																									<Frame>: 50 0 RigRArmDigit13
																										<Transform>: -0.08143318 -9.536743E-09 7.629394E-08 14.41969 5.806039 41.33904 0.9999884 1.000007 1.000006 0.1350099 0.002767862 0.3437898 0.9292864  
																										<TransformMatrix>: 0.763593 0.6396982 0.08768477 0 -0.6382155 0.7271671 0.2528308 0 0.0979749 -0.2490241 0.9635348 0 -0.08143318 -9.536743E-09 7.629394E-08 1  
																										<Children>: 0
																									</Frame>
																							</Frame>
																					</Frame>
																					<Frame>: 51 0 RigRArmDigit21
																						<Transform>: -0.2262035 1.525879E-07 -0.1311803 359.9809 357.7144 38.6305 1.000007 1.000001 0.9999915 -0.006754313 -0.01876653 0.3306967 0.9435263  
																						<TransformMatrix>: 0.7805808 0.6243002 0.03094641 0 -0.623789 0.7811887 -0.02515782 0 -0.03988035 0.0003336798 0.9991959 0 -0.2262035 1.525879E-07 -0.1311803 1  
																						<Children>: 1
																							<Frame>: 52 0 RigRArmDigit22
																								<Transform>: -0.1023975 -7.629394E-08 0 359.7156 356.258 49.90495 1.00001 0.9999989 0.9999911 -0.01602252 -0.02855569 0.4215667 0.9062061  
																								<TransformMatrix>: 0.6429388 0.7649755 0.03824595 0 -0.7631367 0.6440489 -0.05311561 0 -0.06526322 0.004963104 0.9978468 0 -0.1023975 -7.629394E-08 0 1  
																								<Children>: 1
																									<Frame>: 53 0 RigRArmDigit23
																										<Transform>: -0.09782875 -3.814697E-08 -3.814697E-08 1.982374 0.6939666 35.80061 1.000007 1.000002 0.9999916 0.01832202 0.0004451168 0.3072103 0.9514652  
																										<TransformMatrix>: 0.8112487 0.5846201 0.01041047 0 -0.5845845 0.8105736 0.03513908 0 0.01210436 -0.03459176 0.9993198 0 -0.09782875 -3.814697E-08 -3.814697E-08 1  
																										<Children>: 0
																									</Frame>
																							</Frame>
																					</Frame>
																					<Frame>: 54 0 RigRArmDigit31
																						<Transform>: -0.2262035 7.629394E-08 0.01345108 0.01231144 1.393595 37.92425 1.000008 1.000001 0.9999908 0.004053268 0.01146626 0.3249178 0.9456641  
																						<TransformMatrix>: 0.7886001 0.6146238 -0.01905266 0 -0.6144341 0.7888252 0.01511727 0 0.0243202 -0.0002148732 0.9996949 0 -0.2262035 7.629394E-08 0.01345108 1  
																						<Children>: 1
																							<Frame>: 55 0 RigRArmDigit32
																								<Transform>: -0.1184961 0 0 359.9118 358.6093 48.05379 1.000009 1.000001 0.9999918 -0.005644664 -0.01077107 0.4071268 0.9132907  
																								<TransformMatrix>: 0.6682692 0.7437782 0.01507819 0 -0.7435296 0.6684325 -0.01908085 0 -0.02427023 0.001540038 0.999696 0 -0.1184961 0 0 1  
																								<Children>: 1
																									<Frame>: 56 0 RigRArmDigit33
																										<Transform>: -0.1113161 0 -1.907349E-08 0.0001292272 -9.146799E-05 38.42382 1.000008 1.000001 0.9999911 8.022542E-07 -1.124846E-06 0.329063 0.944308  
																										<TransformMatrix>: 0.7834411 0.6214784 2.652407E-06 0 -0.6214742 0.7834359 7.748604E-07 0 -1.596403E-06 -2.25542E-06 0.9999911 0 -0.1113161 0 -1.907349E-08 1  
																										<Children>: 0
																									</Frame>
																							</Frame>
																					</Frame>
																					<Frame>: 57 0 RigRArmDigit41
																						<Transform>: -0.2262033 0 0.1644223 0.04309049 5.212858 38.72647 1.000008 1.000001 0.9999912 0.01543193 0.04277826 0.3311967 0.9424652  
																						<TransformMatrix>: 0.7769638 0.6256081 -0.07041261 0 -0.6229631 0.7801421 0.05742421 0 0.09085524 -0.0007520643 0.995855 0 -0.2262033 0 0.1644223 1  
																						<Children>: 1
																							<Frame>: 58 0 RigRArmDigit42
																								<Transform>: -0.1006258 7.629394E-08 0 359.8626 358.0439 46.70586 1.000009 1.000002 0.9999917 -0.007866427 -0.01519602 0.396317 0.9179543  
																								<TransformMatrix>: 0.68541 0.7278475 0.02166349 0 -0.7273639 0.685743 -0.02648696 0 -0.03413341 0.002397141 0.9994061 0 -0.1006258 7.629394E-08 0 1  
																								<Children>: 1
																									<Frame>: 59 0 RigRArmDigit43
																										<Transform>: -0.1147702 -3.814697E-08 -1.907349E-08 359.0751 356.8818 38.99836 1.000007 1.000003 0.9999917 -0.01668681 -0.02295343 0.3334519 0.94234  
																										<TransformMatrix>: 0.7765712 0.6292205 0.03213159 0 -0.6276858 0.7770649 -0.04675716 0 -0.05438792 0.01614144 0.9983811 0 -0.1147702 -3.814697E-08 -1.907349E-08 1  
																										<Children>: 0
																									</Frame>
																							</Frame>
																					</Frame>
																			</Frame>
																	</Frame>
															</Frame>
													</Frame>
											</Frame>
									</Frame>
							</Frame>
					</Frame>
			</Frame>
			<Frame>: 60 0 RigPelvisGizmo
				<Transform>: 2.542599E-14 0.6584287 -7.394637E-08 0.3904935 276.2482 262.8548 1 1 1 -0.5021785 0.4397726 0.5567834 -0.4943774  
				<TransformMatrix>: -0.006815314 -0.992211 -0.124382 0 0.1088336 -0.1243821 0.986248 0 -0.9940369 -0.006815345 0.1088336 0 2.542599E-14 0.6584287 -7.394637E-08 1  
				<Children>: 0
			</Frame>
			<Frame>: 61 0 RigRArm1Gizmo
				<Transform>: 0.5273739 1.43566 0.04793711 315.0093 86.96773 135.2039 1.000002 1.000002 0.9999996 0.4820453 0.4989258 0.7201121 0.01200446  
				<TransformMatrix>: -0.5349779 0.4982998 0.6822761 0 0.4637215 -0.5018592 0.73014 0 0.7062317 0.7069914 0.03741084 0 0.5273739 1.43566 0.04793711 1  
				<Children>: 0
			</Frame>
			<Frame>: 62 0 RigRArm2Gizmo
				<Transform>: 0.8019426 1.179916 -0.3022301 338.2534 86.61304 72.52052 0.9999989 1.000006 1.000001 0.287709 0.6243287 0.5270007 0.4997075  
				<TransformMatrix>: -0.3350317 0.8859414 -0.3207174 0 -0.1674435 0.2789893 0.9455897 0 0.9272103 0.3705031 0.05487455 0 0.8019426 1.179916 -0.3022301 1  
				<Children>: 0
			</Frame>
			<Frame>: 63 0 RigRArmPalmGizmo
				<Transform>: 0.8815864 0.9693096 -0.2259891 25.20863 171.1742 63.71906 1.000002 0.9999953 1.000004 0.5278515 0.817556 -0.1451567 0.1786186  
				<TransformMatrix>: -0.3789373 0.8112425 -0.4453045 0 0.9149474 0.4006028 -0.04877903 0 0.1388195 -0.4259171 -0.8940533 0 0.8815864 0.9693096 -0.2259891 1  
				<Children>: 0
			</Frame>
			<Frame>: 64 0 RigRibcageGizmo
				<Transform>: -0.00265469 1.522738 0.03210642 2.996648 280.4157 240.1946 0.9999997 1.000001 1 -0.5636013 0.3034509 0.6561565 -0.3996621  
				<TransformMatrix>: -0.04524766 -0.8665322 -0.4970656 0 0.1824312 -0.496376 0.8487232 0 -0.9821771 -0.05227754 0.1805422 0 -0.00265469 1.522738 0.03210642 1  
				<Children>: 0
			</Frame>
			<Frame>: 65 0 RigRLegPlatform
				<Transform>: 0.3628728 9.743365E-09 -0.2229019 0 285 270 1 1 1 0.4304594 -0.4304594 -0.5609855 0.5609855  
				<TransformMatrix>: -1.192093E-07 -1 0 0 0.2588189 -1.192093E-07 0.9659262 0 -0.9659262 0 0.2588187 0 0.3628728 9.743365E-09 -0.2229019 1  
				<Children>: 0
			</Frame>
			<Frame>: 66 0 Shadow
				<Transform>: 0 0 0 270 0 0 1 1 1 -0.7071068 0 0 0.7071068  
				<TransformMatrix>: 1 0 0 0 0 -1.192093E-07 -1 0 0 1 -1.192093E-07 0 0 0 0 1  
				<SkinningInfo>: Shadow
					<BonesPerVertex>: 4
					<Bounds>: -0.4558536 -0.05068639 -0.000403583 1.374612 0.4558995 1.27511
					<BoneNames>: 49 RigRibcage RigRArm1 RigRArmCollarbone RigSpine2 RigPelvis RigSpine1 RigRLeg1 RigHead RigJaw RigRLegAnkle RigRLeg2 RigHair1 RigHair2 RigRArm2 RigRArmDigit11 RigRArmPalm RigLLeg1 RigRArmDigit21 RigRArmDigit31 RigRArmDigit41 RigRArmDigit33 RigRArmDigit23 RigRArmDigit43 RigRArmDigit32 RigRArmDigit42 RigRArmDigit22 RigRArmDigit13 RigRArmDigit12 RigRLegToes1 RigLArm1 RigLArm2 RigSpine3 RigLLeg2 RigLArmPalm RigLArmDigit11 RigLLegAnkle RigLArmDigit21 RigLArmDigit22 RigLArmDigit31 RigLArmDigit41 RigLArmDigit32 RigLArmDigit42 RigLArmDigit33 RigLArmDigit43 RigLArmDigit23 RigLArmDigit12 RigLArmDigit13 RigLLegToes1 RigLArmCollarbone  
					<BoneOffsets>: 49 -3.809747E-09 -1.511621E-07 -1 0 0.08715558 -0.9961949 1.502549E-07 0 -0.9961948 -0.08715558 1.696988E-08 0 1.56741 0.3324604 -4.758983E-08 1 -0.6432683 0.04104756 0.7645398 0 -0.08256825 -0.9964573 -0.01597221 0 0.7611756 -0.07340113 0.6443786 0 -0.8334779 0.1369606 -1.379841 1 -0.8296111 0.4611947 0.3147138 0 -0.5176228 -0.8465964 -0.1238579 0 0.2093131 -0.265657 0.9410708 0 -0.3278852 0.2093634 -1.599094 1 1.733619E-09 -3.630332E-07 -1 0 -0.3614454 -0.9323933 3.378631E-07 0 -0.9323933 0.3614454 -1.328331E-07 0 1.05918 -0.2899716 1.003749E-07 1 6.123234E-17 -1.509958E-07 -1 0 -6.123234E-17 -1 1.509958E-07 0 -1 6.123233E-17 -6.123235E-17 0 0.7270307 7.094776E-08 1.475773E-14 1 6.498339E-09 -7.211381E-07 -1 0 -0.01246599 -0.999922 7.210012E-07 0 -0.9999221 0.01246599 -1.548754E-08 0 0.7889146 0.0988415 -7.09018E-08 1 -0.2628591 0.02140975 0.9645965 0 0.1107929 -0.9924708 0.05222021 0 0.9584519 0.120597 0.2585078 0 -0.5394844 -0.08091435 -0.3932208 1 6.128283E-17 -1.509958E-07 -1 0 -4.440892E-14 -1 1.509958E-07 0 -1 -5.551115E-15 -6.123519E-17 0 1.79459 0.04367026 -1.302844E-07 1 -2.8234E-08 -2.453056E-07 -1 0 0.9659259 0.2588189 -9.076169E-08 0 0.2588189 -0.9659259 2.296396E-07 0 -0.4067458 1.801267 -5.489539E-07 1 2.161286E-07 9.840653E-08 1 0 0.8539861 -0.5202959 -1.333702E-07 0 0.5202959 0.8539861 -1.964889E-07 0 -0.07166731 -0.1017268 -0.3766354 1 -0.2596554 0.06620411 0.963429 0 -0.1204772 -0.9920723 0.03570268 0 0.9581586 -0.1068005 0.2655728 0 -0.3080698 -0.003465079 -0.3961307 1 1.148814E-09 -1.510111E-07 -1 0 -0.02628674 -0.9996543 1.509287E-07 0 -0.9996545 0.02628674 -5.118005E-09 0 2.192519 -0.04509716 -1.130012E-07 1 6.382652E-09 -1.514643E-07 -1 0 -0.1460214 -0.9892815 1.489089E-07 0 -0.9892815 0.1460214 -2.843128E-08 0 2.302999 -0.3237164 -5.875185E-08 1 -0.2923217 -0.3563227 0.8874579 0 0.1127483 -0.9343621 -0.3380166 0 0.9496506 0.001249768 0.3133089 0 -0.8488089 0.3812837 -1.076764 1 0.2356634 0.8503326 0.4705284 0 0.7924082 -0.448431 0.4135216 0 0.562632 0.2753988 -0.7794868 0 -0.5936398 -1.057309 0.2984189 1 0.02359773 0.9997215 0.0001676289 0 -1.04308E-06 -0.0001676508 1.000001 0 0.9997207 -0.02359776 -2.913395E-06 0 -0.9384879 -0.890901 -0.06134216 1 0.2631756 -0.02141444 0.9645103 0 0.1108007 -0.992467 -0.05226816 0 0.9583642 0.1206241 -0.2588204 0 -0.5393535 -0.08093243 0.3933967 1 0.09030893 0.9959138 -0.0005640187 0 0.03976836 -0.0030403 0.9992049 0 0.9951186 -0.09025959 -0.03988048 0 -0.7668595 -0.8416011 0.09800665 1 0.07803848 0.9969506 0.0003974504 0 -0.02427352 0.001501519 0.9997052 0 0.9966537 -0.07802514 0.02431671 0 -0.7577565 -0.8508959 -0.09178636 1 0.09189856 0.9957676 0.001402774 0 -0.09059264 0.006957837 0.995865 0 0.9916373 -0.09164565 0.09084883 0 -0.7482398 -0.8418676 -0.2887394 1 0.3640985 0.9313606 7.490969E-06 0 -7.762537E-08 -8.012688E-06 1.000001 0 0.931359 -0.3640993 -2.845114E-06 0 -0.7495831 -0.6349899 -0.07752518 1 0.3627978 0.9313915 -0.02980087 0 0.08713107 -0.002065289 0.9961953 0 0.9277844 -0.3640145 -0.08190253 0 -0.7682317 -0.623953 0.149987 1 0.3640987 0.9313606 7.520507E-06 0 -2.123414E-07 -7.99174E-06 1.000001 0 0.931359 -0.3640994 -2.71202E-06 0 -0.7634344 -0.6295736 -0.2409805 1 0.304507 0.9525104 1.144913E-05 0 -2.803274E-06 -1.112378E-05 1.000001 0 0.9525086 -0.3045074 -7.171266E-07 0 -0.8192677 -0.6810955 -0.07752959 1 0.2953431 0.9553911 0.0006509362 0 -0.05438713 0.01613269 0.9983906 0 0.9538405 -0.2949034 0.0567258 0 -0.8165029 -0.6875725 -0.2684807 1 0.3464889 0.9380533 -0.001546919 0 0.09920518 -0.03500362 0.9944517 0 0.9327925 -0.3447203 -0.1051882 0 -0.8534465 -0.6420769 0.1370145 1 0.2811255 0.9221312 0.2657899 0 0.6427467 -0.3865856 0.6613834 0 0.7126338 -0.01509617 -0.7013729 0 -0.6319064 -0.8789105 0.4685535 1 0.2233122 0.8520906 0.4733639 0 0.7360573 -0.4657778 0.4911942 0 0.639026 0.2387333 -0.7311986 0 -0.584331 -1.032062 0.2706912 1 -1.776357E-13 8.742281E-08 1 0 1 7.105427E-13 -8.881784E-14 0 0 1 -8.742294E-08 0 0.1955139 -1.959349E-06 -0.3766354 1 0.6432673 -0.04104827 0.7645406 0 -0.08256865 -0.9964573 0.01597151 0 0.7611764 -0.07340103 -0.6443778 0 -0.8334795 0.1369603 1.37984 1 0.2923248 0.3563627 0.8874423 0 0.1127573 -0.9343468 0.3380562 0 0.9496471 0.00124337 -0.3133161 0 -0.8488026 0.3813235 1.076755 1 -5.447087E-08 -3.647917E-05 -1 0 -0.004081741 -0.9999918 3.647908E-05 0 -0.9999919 0.004081741 -9.442807E-08 0 1.30195 0.1880935 -6.939528E-06 1 0.2593924 -0.06626228 0.9634961 0 -0.1204671 -0.992073 -0.03579514 0 0.9582272 -0.106785 -0.2653187 0 -0.3081771 -0.003493431 0.3961252 1 -0.02359409 -0.9997222 -0.0005161927 0 6.973774E-06 0.0005161737 -0.9999971 0 0.9997237 -0.02359406 -5.206782E-06 0 -0.9384875 -0.8909472 0.06072334 1 -0.2356545 -0.8503408 0.4705205 0 0.7924051 -0.4484201 -0.4135327 0 0.5626293 0.2753924 0.7794932 0 -0.5936269 -1.057312 -0.298432 1 1.327392E-07 -1.062159E-07 1 0 0.853986 -0.5202958 -1.686213E-07 0 0.5202959 0.8539861 2.164317E-08 0 -0.07166296 -0.1017284 0.3766356 1 -0.09030543 -0.9959143 -0.0007426091 0 0.03977644 -0.002861689 -0.9992021 0 0.9951214 -0.09026299 0.03987217 0 -0.766857 -0.8415885 -0.09816688 1 -0.3464872 -0.9380526 -0.001589935 0 0.09921239 -0.03496013 -0.9944506 0 0.9327963 -0.3447213 0.1051793 0 -0.8534464 -0.6420752 -0.1370527 1 -0.07803534 -0.9969513 0.0002395171 0 -0.02426602 0.001659211 -0.9997013 0 0.9966578 -0.07801792 -0.02432136 0 -0.7577576 -0.8509144 0.09164239 1 -0.09189606 -0.9957681 0.001355946 0 -0.09058615 0.007003755 -0.9958602 0 0.9916431 -0.09163854 -0.09084572 0 -0.7482448 -0.8418837 0.2886908 1 -0.3045059 -0.9525104 -3.519161E-05 0 3.661986E-06 3.577556E-05 -0.9999973 0 0.952514 -0.3045048 -7.40575E-06 0 -0.8192716 -0.6811017 0.07748756 1 -0.2953426 -0.9553912 0.0006093688 0 -0.05438139 0.01617412 -0.9983857 0 0.9538465 -0.2948988 -0.05673201 0 -0.8165096 -0.6875849 0.2684422 1 -0.3640983 -0.9313604 -2.989195E-05 0 5.968076E-06 2.976189E-05 -0.9999973 0 0.9313642 -0.3640968 -5.277796E-06 0 -0.7495875 -0.6349953 0.07749113 1 -0.3640985 -0.9313602 -2.990878E-05 0 5.845023E-06 2.982806E-05 -0.9999973 0 0.9313643 -0.3640969 -5.416501E-06 0 -0.7634408 -0.6295837 0.2409467 1 -0.3627965 -0.9313902 -0.02984166 0 0.08713812 -0.002023934 -0.9961923 0 0.9277887 -0.3640148 0.08189355 0 -0.7682322 -0.6239508 -0.1500232 1 -0.2233035 -0.8520992 0.4733541 0 0.7360553 -0.4657643 -0.491206 0 0.6390219 0.2387268 0.7312058 0 -0.5843168 -1.032064 -0.2707072 1 -0.2811171 -0.9221352 0.265776 0 0.6427476 -0.3865679 -0.6613941 0 0.7126302 -0.01510223 0.7013788 0 -0.6318925 -0.8789086 -0.468573 1 0 8.742287E-08 1 0 1 -7.105427E-13 0 0 -3.552714E-13 1 -8.742324E-08 0 0.1955183 -1.073336E-06 0.3766357 1 0.8296108 -0.4611949 0.3147142 0 -0.517623 -0.8465964 0.1238575 0 0.2093134 -0.2656569 -0.9410708 0 -0.3278858 0.2093633 1.599093 1  
