<Hierarchy>:
	<Frame>: 0 0 Shade@Claw_Left_Attack
		<Transform>: 0 0 0 0 0 0 1 1 1 0 0 0 1  
		<TransformMatrix>: 1 0 0 0 0 1 0 0 0 0 1 0 0 0 0 1  
		<Children>: 5
			<Frame>: 1 0 Rig
				<Transform>: 0 0 0 0 270 270 1 1 1 0.5000001 -0.5000001 -0.4999999 0.4999999  
				<TransformMatrix>: 0 -1 0 0 -2.384186E-07 0 1 0 -1 0 -2.384186E-07 0 0 0 0 1  
				<Children>: 0
			</Frame>
			<Frame>: 2 0 RigLLegPlatform
				<Transform>: -0.2150724 1.30936E-09 -0.02995457 0 270 270 1 1 1 0.5 -0.5 -0.5 0.5  
				<TransformMatrix>: 0 -1 0 0 0 0 1 0 -1 0 0 0 -0.2150724 1.30936E-09 -0.02995457 1  
				<Children>: 0
			</Frame>
			<Frame>: 3 0 RigPelvis
				<Transform>: 2.137862E-14 0.4563529 -6.642696E-08 0 270 260 1 1 1 0.5416753 -0.4545194 -0.5416753 0.4545194  
				<TransformMatrix>: -1.192093E-07 -0.9848078 -0.1736485 0 0 -0.1736486 0.9848078 0 -1 0 -1.192093E-07 0 2.137862E-14 0.4563529 -6.642696E-08 1  
				<Children>: 3
					<Frame>: 4 0 RigLLeg1
						<Transform>: 0.07071747 -3.290176E-07 0.1724646 1.827062 171.6849 336.7143 1 0.9999999 0.9999999 -0.2001214 0.9769564 -0.0302036 0.06778975  
						<TransformMatrix>: -0.910712 -0.3951147 -0.1203665 0 -0.3869247 0.9180782 -0.08614755 0 0.144544 -0.03188283 -0.9889846 0 0.07071747 -3.290176E-07 0.1724646 1  
						<Children>: 1
							<Frame>: 5 0 RigLLeg2
								<Transform>: -0.1965541 4.768371E-09 0 353.7824 356.332 46.6875 1 1.000002 0.9999992 -0.06243037 -0.007862568 0.3938673 0.917011  
								<TransformMatrix>: 0.6896136 0.7233432 -0.03475844 0 -0.7213807 0.6819431 -0.1206925 0 -0.06359863 0.108305 0.9920805 0 -0.1965541 4.768371E-09 0 1  
								<Children>: 1
									<Frame>: 6 0 RigLLegAnkle
										<Transform>: -0.1707995 -4.768371E-09 0 8.479512 6.440835 299.0301 0.9999989 1.000001 0.9999998 0.03518818 0.08572546 -0.5087042 0.8559399  
										<TransformMatrix>: 0.4677418 -0.8648065 -0.1825522 0 0.8768747 0.4799642 -0.02697991 0 0.1109509 -0.1474557 0.9828257 0 -0.1707995 -4.768371E-09 0 1  
										<Children>: 1
											<Frame>: 7 0 RigLLegDigit11
												<Transform>: -0.05535186 0.004015319 0 -4.776787E-06 -0.0006979992 298.6479 0.9999989 1.000001 1 3.071775E-06 -5.260091E-06 -0.5101837 0.8600655  
												<TransformMatrix>: 0.4794247 -0.8775818 5.9137E-06 0 0.8775838 0.4794258 1.065109E-05 0 -1.218238E-05 8.337065E-08 1 0 -0.05535186 0.004015319 0 1  
												<Children>: 1
													<Frame>: 8 0 RigLLegDigit12
														<Transform>: -0.1037517 0 0 -1.707553E-06 -1.170567E-13 -1.707545E-06 1 1 1 -1.490121E-08 -1.243557E-15 -1.490114E-08 1  
														<TransformMatrix>: 1 -2.980228E-08 2.931205E-15 0 2.980228E-08 1 -2.980241E-08 0 -2.043025E-15 2.980241E-08 1 0 -0.1037517 0 0 1  
														<Children>: 0
													</Frame>
											</Frame>
									</Frame>
							</Frame>
					</Frame>
					<Frame>: 9 0 RigRLeg1
						<Transform>: 0.07071743 -3.242493E-07 -0.1724647 358.913 189.4986 319.6223 0.9999999 0.9999998 1 -0.3431784 0.9355665 0.037445 -0.07444303  
						<TransformMatrix>: -0.7533736 -0.6477075 0.1135922 0 -0.6365572 0.7616527 0.121159 0 -0.1649934 0.01897009 -0.9861122 0 0.07071743 -3.242493E-07 -0.1724647 1  
						<Children>: 1
							<Frame>: 10 0 RigRLeg2
								<Transform>: -0.1965541 0 1.907349E-08 6.612534 2.836505 45.70356 1 0.9999986 1.000001 0.0627262 0.0003796192 0.386268 0.9202513  
								<TransformMatrix>: 0.7015938 0.7109749 0.04775957 0 -0.7108787 0.6937239 0.1157408 0 0.049157 -0.1151546 0.9921318 0 -0.1965541 0 1.907349E-08 1  
								<Children>: 1
									<Frame>: 11 0 RigRLegAnkle
										<Transform>: -0.1707995 -4.768371E-09 -1.907349E-08 353.6384 353.14 317.0712 1.000001 0.9999993 1 -0.02968684 -0.07586129 -0.3677945 0.926332  
										<TransformMatrix>: 0.7179452 -0.6768959 0.1623829 0 0.6859032 0.7276914 0.0008029857 0 -0.1187082 0.1108025 0.9867277 0 -0.1707995 -4.768371E-09 -1.907349E-08 1  
										<Children>: 1
											<Frame>: 12 0 RigRLegDigit11
												<Transform>: -0.05535188 0.004015336 0 -5.34411E-06 -0.002559759 298.6084 1.000001 0.9999989 1 1.136306E-05 -1.923211E-05 -0.5104802 0.8598895  
												<TransformMatrix>: 0.4788205 -0.877914 2.147377E-05 0 0.877912 0.4788195 3.917713E-05 0 -4.467622E-05 9.327232E-08 1 0 -0.05535188 0.004015336 0 1  
												<Children>: 1
													<Frame>: 13 0 RigRLegDigit12
														<Transform>: -0.1037517 0 0 -1.707543E-06 8.649653E-14 -1.707551E-06 1 1 1 -1.490112E-08 5.327802E-16 -1.490119E-08 1  
														<TransformMatrix>: 1 -2.980238E-08 -6.214715E-16 0 2.980238E-08 1 -2.980224E-08 0 1.509649E-15 2.980224E-08 1 0 -0.1037517 0 0 1  
														<Children>: 0
													</Frame>
											</Frame>
									</Frame>
							</Frame>
					</Frame>
					<Frame>: 14 0 RigSpine
						<Transform>: 0 0 0 -1.920556E-07 2.437248E-06 2.499999 1 1 0.9999999 -1.211621E-09 2.13005E-08 0.02181488 0.9997621  
						<TransformMatrix>: 0.9990484 0.04361937 -4.264373E-08 0 -0.04361937 0.9990484 -1.493331E-09 0 4.2538E-08 3.352001E-09 0.9999999 0 0 0 0 1  
						<Children>: 1
							<Frame>: 15 0 RigRibcage
								<Transform>: -0.18559 0 2.273737E-15 1.538389E-07 2.201912E-07 2.5 1 0.9999999 1 1.384096E-09 1.891787E-09 0.02181489 0.9997621  
								<TransformMatrix>: 0.9990482 0.0436194 -3.722286E-09 0 -0.04361939 0.9990482 2.850072E-09 0 3.843061E-09 -2.684995E-09 1 0 -0.18559 0 2.273737E-15 1  
								<Children>: 3
									<Frame>: 16 0 RigLArm1
										<Transform>: -0.03858681 -0.01136106 0.2593299 4.147719 107.1674 351.5116 0.9999999 1 0.999999 -0.03809286 0.8035821 -0.07294706 0.5894772  
										<TransformMatrix>: -0.302131 -0.1472227 -0.9418291 0 0.02477977 0.9864553 -0.1621477 0 0.9529433 -0.07232808 -0.2943904 0 -0.03858681 -0.01136106 0.2593299 1  
										<Children>: 1
											<Frame>: 17 0 RigLArm2
												<Transform>: -0.1658194 0 0 3.522372 12.73884 286.3105 1.000003 1.000002 1.000004 -0.04204949 0.1070538 -0.598394 0.7929035  
												<TransformMatrix>: 0.2609291 -0.9579436 -0.1194427 0 0.9399359 0.2803134 -0.1948034 0 0.2200919 -0.06143853 0.9735469 0 -0.1658194 0 0 1  
												<Children>: 1
													<Frame>: 18 0 RigLArmPalm
														<Transform>: -0.2033109 1.907349E-08 7.629394E-08 275.9739 282.4202 62.33871 0.9999976 0.999999 0.9999991 -0.6872827 -0.1282583 -0.05902801 0.7125363  
														<TransformMatrix>: 0.9601287 0.09217998 0.2639146 0 0.2604184 0.0483162 -0.9642852 0 -0.1016394 0.9945685 0.02238444 0 -0.2033109 1.907349E-08 7.629394E-08 1  
														<Children>: 4
															<Frame>: 19 0 RigLArmFinger11
																<Transform>: -0.03620197 -0.01317108 0.1037057 355.805 56.18279 19.22801 1.000001 1.000001 0.9999996 0.04675383 0.4693474 0.164229 0.8663464  
																<TransformMatrix>: 0.505484 0.3284462 -0.7978786 0 -0.240671 0.9416866 0.2351711 0 0.8285911 0.07315086 0.5550539 0 -0.03620197 -0.01317108 0.1037057 1  
																<Children>: 1
																	<Frame>: 20 0 RigLArmFinger12
																		<Transform>: -0.05544157 -7.629394E-08 -1.907349E-08 0.01086582 354.5648 14.78633 1 1.000001 0.9999995 -0.006007085 -0.04703129 0.128537 0.9905707  
																		<TransformMatrix>: 0.9625327 0.2552151 0.09163138 0 -0.2540852 0.9668851 -0.02399143 0 -0.09471986 -0.0001896442 0.9955035 0 -0.05544157 -7.629394E-08 -1.907349E-08 1  
																		<Children>: 1
																			<Frame>: 21 0 RigLArmFinger13
																				<Transform>: -0.04461141 0 -3.814697E-08 359.852 343.8186 14.80976 1.000001 1.000001 0.9999994 -0.01940682 -0.1394016 0.1274168 0.9818124  
																				<TransformMatrix>: 0.9286649 0.2556097 0.2687871 0 -0.2447884 0.9667775 -0.07363199 0 -0.2786777 0.00258348 0.9603806 0 -0.04461141 0 -3.814697E-08 1  
																				<Children>: 0
																			</Frame>
																	</Frame>
															</Frame>
															<Frame>: 22 0 RigLArmFinger21
																<Transform>: -0.1262275 -0.001384582 0.0878619 359.9801 358.9543 18.9561 1 1.000001 0.9999999 -0.00167427 -0.008972558 0.1646614 0.986308  
																<TransformMatrix>: 0.9456123 0.3248437 0.01714804 0 -0.3247838 0.9457683 -0.006257565 0 -0.01825078 0.0003478254 0.9998333 0 -0.1262275 -0.001384582 0.0878619 1  
																<Children>: 1
																	<Frame>: 23 0 RigLArmFinger22
																		<Transform>: -0.06946224 0 1.907349E-08 359.9424 1.160496 25.45232 0.9999975 1.000001 1.000003 0.001741038 0.009988911 0.2202852 0.9753828  
																		<TransformMatrix>: 0.902747 0.4297585 -0.01871893 0 -0.4296904 0.9029434 0.007797182 0 0.02025313 0.001004465 0.999797 0 -0.06946224 0 1.907349E-08 1  
																		<Children>: 1
																			<Frame>: 24 0 RigLArmFinger23
																				<Transform>: -0.05365006 -7.629394E-08 1.907349E-08 359.4286 1.44169 19.91158 1.000002 1.000001 0.999998 -0.002735455 0.01325313 0.1729342 0.9848404  
																				<TransformMatrix>: 0.9398384 0.3405534 -0.02705061 0 -0.3406981 0.9401738 -0.0008041334 0 0.02515829 0.009971793 0.9996318 0 -0.05365006 -7.629394E-08 1.907349E-08 1  
																				<Children>: 0
																			</Frame>
																	</Frame>
															</Frame>
															<Frame>: 25 0 RigLArmFinger31
																<Transform>: -0.1260177 -0.002378693 -0.005967083 359.9806 358.9361 18.84042 1 1.000001 0.9999999 -0.00168693 -0.009131265 0.1636654 0.9864722  
																<TransformMatrix>: 0.9462608 0.3229336 0.0174633 0 -0.3228721 0.9464225 -0.006317169 0 -0.01856766 0.0003392766 0.9998275 0 -0.1260177 -0.002378693 -0.005967083 1  
																<Children>: 1
																	<Frame>: 26 0 RigLArmFinger32
																		<Transform>: -0.07118799 0 0 359.9532 0.9206079 24.01114 0.9999967 1.000001 1.000002 0.001271148 0.007943061 0.2080033 0.9780951  
																		<TransformMatrix>: 0.9133401 0.4069128 -0.01500928 0 -0.4068742 0.913467 0.005790978 0 0.01606698 0.0008177611 0.9998729 0 -0.07118799 0 0 1  
																		<Children>: 1
																			<Frame>: 27 0 RigLArmFinger33
																				<Transform>: -0.05925928 -7.629394E-08 1.907349E-08 359.4189 1.682176 21.46913 1.000002 1.000002 0.9999976 -0.00224792 0.01536664 0.18631 0.9823683  
																				<TransformMatrix>: 0.9301065 0.3659816 -0.03102908 0 -0.3661199 0.9305688 0.00130935 0 0.02935371 0.01014247 0.9995152 0 -0.05925928 -7.629394E-08 1.907349E-08 1  
																				<Children>: 0
																			</Frame>
																	</Frame>
															</Frame>
															<Frame>: 28 0 RigLArmFinger41
																<Transform>: -0.1262721 -0.001302795 -0.08872864 0.06643353 352.3016 20.25866 0.9999996 1.000001 1 -0.01123695 -0.06618636 0.1755122 0.9821857  
																<TransformMatrix>: 0.9296293 0.3462585 0.1260701 0 -0.3432841 0.9381397 -0.04530663 0 -0.133959 -0.001159484 0.9909862 0 -0.1262721 -0.001302795 -0.08872864 1  
																<Children>: 1
																	<Frame>: 29 0 RigLArmFinger42
																		<Transform>: -0.06082361 0 0 0.1112239 3.417604 24.98775 0.999998 1.000001 1.000002 0.007398277 0.02890375 0.2162107 0.9758908  
																		<TransformMatrix>: 0.9048332 0.4224228 -0.05321453 0 -0.4215689 0.9063976 0.02693846 0 0.05961308 -0.001941226 0.9982212 0 -0.06082361 0 0 1  
																		<Children>: 1
																			<Frame>: 30 0 RigLArmFinger43
																				<Transform>: -0.05210804 0 0 0.8852265 0.7052514 19.47535 0.9999976 1.000001 1.000001 0.008654455 0.00475903 0.1690824 0.9855524  
																				<TransformMatrix>: 0.9427748 0.3333606 -0.006453902 0 -0.3331971 0.9426736 0.0186682 0 0.0123072 -0.01544952 0.9998063 0 -0.05210804 0 0 1  
																				<Children>: 0
																			</Frame>
																	</Frame>
															</Frame>
													</Frame>
											</Frame>
									</Frame>
									<Frame>: 31 0 RigNeck
										<Transform>: 0 0 0 -2.532191E-07 2.254783E-06 4.084985 1 1 1 -1.507059E-09 1.974295E-08 0.03564066 0.9993647  
										<TransformMatrix>: 0.9974595 0.07123604 -3.956823E-08 0 -0.07123605 0.9974596 -1.6049E-09 0 3.935338E-08 4.419507E-09 1 0 0 0 0 1  
										<Children>: 1
											<Frame>: 32 0 RigHead
												<Transform>: -0.09039497 -1.192093E-09 0 2.43366E-07 7.150209E-07 0.9150137 1 0.9999998 0.9999999 2.173525E-09 6.222578E-09 0.007984915 0.9999681  
												<TransformMatrix>: 0.9998725 0.01596932 -1.241005E-08 0 -0.01596932 0.9998723 4.446284E-09 0 1.247947E-08 -4.247538E-09 0.9999999 0 -0.09039497 -1.192093E-09 0 1  
												<Children>: 1
													<Frame>: 33 0 RigJaw
														<Transform>: -0.03540642 0.1205401 -2.243397E-08 -1.110997E-05 -7.552308E-06 270 1 0.9999998 1 -2.195318E-08 -1.151588E-07 -0.7071067 0.7071068  
														<TransformMatrix>: 1.788139E-07 -0.9999999 1.939056E-07 0 0.9999997 1.788139E-07 1.318126E-07 0 -1.318126E-07 1.939056E-07 1 0 -0.03540642 0.1205401 -2.243397E-08 1  
														<Children>: 0
													</Frame>
											</Frame>
									</Frame>
									<Frame>: 34 0 RigRArm1
										<Transform>: -0.03858643 -0.01136107 -0.2593299 353.065 246.8328 358.632 1 1.000001 0.9999994 -0.02336083 -0.8335003 -0.05704286 0.5490699  
										<TransformMatrix>: -0.3959534 -0.02369852 0.9179655 0 0.1015836 0.9924014 0.06943706 0 -0.9126342 0.1207439 -0.3905367 0 -0.03858643 -0.01136107 -0.2593299 1  
										<Children>: 1
											<Frame>: 35 0 RigRArm2
												<Transform>: -0.1658193 0 0 348.398 344.2533 288.5425 1.000002 0.9999999 1.000002 -0.001695358 -0.1690977 -0.5867209 0.7919354  
												<TransformMatrix>: 0.2543296 -0.9287183 0.2698188 0 0.9298633 0.3115115 0.1957411 0 -0.26584 0.2011119 0.9428079 0 -0.1658193 0 0 1  
												<Children>: 1
													<Frame>: 36 0 RigRArmPalm
														<Transform>: -0.2033108 1.907349E-08 0 84.28732 310.3301 283.8683 0.9999977 0.9999988 1 0.6714303 0.1302708 -0.1930076 0.7035332  
														<TransformMatrix>: 0.8915531 -0.09663877 -0.442481 0 0.4465095 0.02385888 0.8944594 0 -0.07588261 -0.9950336 0.06442177 0 -0.2033108 1.907349E-08 0 1  
														<Children>: 4
															<Frame>: 37 0 RigRArmFinger11
																<Transform>: -0.03620203 -0.01317116 -0.103706 4.194981 303.8173 19.02803 0.9999987 1 1.000001 -0.04593465 -0.4694279 0.1627169 0.8666318  
																<TransformMatrix>: 0.5063207 0.3251568 0.7986926 0 -0.2389053 0.9428266 -0.2323846 0 -0.8285916 -0.07315089 0.5550554 0 -0.03620203 -0.01317116 -0.103706 1  
																<Children>: 1
																	<Frame>: 38 0 RigRArmFinger12
																		<Transform>: -0.05544158 0 0 359.9892 5.435192 14.58634 0.9999992 1 1.000001 0.005925136 0.04704163 0.126808 0.9907935  
																		<TransformMatrix>: 0.9634128 0.2518384 -0.09171429 0 -0.2507237 0.9677693 0.02367169 0 0.09471989 0.00018934 0.9955052 0 -0.05544158 0 0 1  
																		<Children>: 1
																			<Frame>: 39 0 RigRArmFinger13
																				<Transform>: -0.04461139 0 -3.814697E-08 0.148018 16.18129 14.60978 0.9999989 1 1.000001 0.01916339 0.1394346 0.1257033 0.9820333  
																				<TransformMatrix>: 0.9295123 0.2522335 -0.2690406 0 -0.2415456 0.9676629 0.07269294 0 0.2786769 -0.002583402 0.9603825 0 -0.04461139 0 -3.814697E-08 1  
																				<Children>: 0
																			</Frame>
																	</Frame>
															</Frame>
															<Frame>: 40 0 RigRArmFinger21
																<Transform>: -0.1262276 -0.001384582 -0.08786216 0.01994337 1.045744 18.75612 0.9999997 1 0.9999995 0.001658723 0.008975384 0.1629398 0.9865938  
																<TransformMatrix>: 0.9467398 0.3215406 -0.01716957 0 -0.3214813 0.9468961 0.00619787 0 0.01825065 -0.0003480772 0.9998329 0 -0.1262276 -0.001384582 -0.08786216 1  
																<Children>: 1
																	<Frame>: 41 0 RigRArmFinger22
																		<Transform>: -0.06946222 0 -3.814697E-08 0.05753902 358.8395 25.25232 1.000002 1 0.9999978 -0.001723682 -0.009991798 0.2185825 0.9757658  
																		<TransformMatrix>: 0.9042455 0.4266061 0.01874581 0 -0.4265364 0.9044375 -0.007731886 0 -0.0202528 -0.001004243 0.9997922 0 -0.06946222 0 -3.814697E-08 1  
																		<Children>: 1
																			<Frame>: 42 0 RigRArmFinger23
																				<Transform>: -0.05365001 0 -1.907349E-08 0.5713367 358.5583 19.71168 1.000002 0.9999996 0.9999977 0.002758454 -0.01324822 0.1712159 0.9851406  
																				<TransformMatrix>: 0.9410213 0.3372711 0.02704737 0 -0.3374164 0.9413547 0.0008983166 0 -0.02515808 -0.00997152 0.9996315 0 -0.05365001 0 -1.907349E-08 1  
																				<Children>: 0
																			</Frame>
																	</Frame>
															</Frame>
															<Frame>: 43 0 RigRArmFinger31
																<Transform>: -0.1260179 -0.002378693 0.005967102 0.01943017 1.063904 18.64042 1 1 0.9999996 0.001670904 0.009134154 0.1619433 0.9867564  
																<TransformMatrix>: 0.9473819 0.3196278 -0.01748518 0 -0.3195669 0.9475435 0.006255985 0 0.01856755 -0.0003391202 0.9998271 0 -0.1260179 -0.002378693 0.005967102 1  
																<Children>: 1
																	<Frame>: 44 0 RigRArmFinger32
																		<Transform>: -0.07118797 0 1.907349E-08 0.04685089 359.0794 23.81116 1.000003 0.9999996 0.999998 -0.001257301 -0.007945208 0.2062961 0.9784566  
																		<TransformMatrix>: 0.9147601 0.4037246 0.01502937 0 -0.4036833 0.9148803 -0.005738556 0 -0.0160668 -0.0008177005 0.9998686 0 -0.07118797 0 1.907349E-08 1  
																		<Children>: 1
																			<Frame>: 45 0 RigRArmFinger33
																				<Transform>: -0.05925924 0 -1.907349E-08 0.5811424 358.3178 21.26928 1.000003 0.9999989 0.9999978 0.002274786 -0.01536283 0.1845964 0.9826917  
																				<TransformMatrix>: 0.9313793 0.3627341 0.03103378 0 -0.3628723 0.931837 -0.001201018 0 -0.02935395 -0.01014265 0.9995154 0 -0.05925924 0 -1.907349E-08 1  
																				<Children>: 0
																			</Frame>
																	</Frame>
															</Frame>
															<Frame>: 46 0 RigRArmFinger41
																<Transform>: -0.1262723 -0.001302872 0.08872882 359.9336 7.698421 20.05866 1 1.000001 0.9999992 0.01112145 0.06620574 0.1737978 0.9824904  
																<TransformMatrix>: 0.9308224 0.3429819 -0.1262273 0 -0.3400369 0.939342 0.0448663 0 0.1339587 0.001159373 0.9909855 0 -0.1262723 -0.001302872 0.08872882 1  
																<Children>: 1
																	<Frame>: 47 0 RigRArmFinger42
																		<Transform>: -0.06082359 0 1.907349E-08 359.8888 356.5824 24.78779 1.000001 0.9999996 0.9999984 -0.007347948 -0.0289165 0.2145074 0.9762666  
																		<TransformMatrix>: 0.9063021 0.4192584 0.05330813 0 -0.4184078 0.9078648 -0.02675271 0 -0.05961271 0.001941498 0.9982181 0 -0.06082359 0 1.907349E-08 1  
																		<Children>: 1
																			<Frame>: 48 0 RigRArmFinger43
																				<Transform>: -0.05210808 0 1.907349E-08 359.1148 359.2948 19.27543 1.000002 0.9999994 0.9999984 -0.008645997 -0.004774095 0.1673627 0.9858459  
																				<TransformMatrix>: 0.9439355 0.3300709 0.00651902 0 -0.329905 0.9438294 -0.01864524 0 -0.01230706 0.01544921 0.9998033 0 -0.05210808 0 1.907349E-08 1  
																				<Children>: 0
																			</Frame>
																	</Frame>
															</Frame>
													</Frame>
											</Frame>
									</Frame>
							</Frame>
					</Frame>
			</Frame>
			<Frame>: 49 0 RigRLegPlatform
				<Transform>: 0.2150724 -1.340776E-09 0.07330909 0 270 270 1 1 1 0.5 -0.5 -0.5 0.5  
				<TransformMatrix>: 0 -1 0 0 0 0 1 0 -1 0 0 0 0.2150724 -1.340776E-09 0.07330909 1  
				<Children>: 0
			</Frame>
			<Frame>: 50 0 Shade
				<Transform>: -6.478155E-10 6.478155E-10 0 270 0 0 1 1 1 -0.7071068 0 0 0.7071068  
				<TransformMatrix>: 1 0 0 0 0 -1.192093E-07 -1 0 0 1 -1.192093E-07 0 -6.478155E-10 6.478155E-10 0 1  
				<SkinningInfo>: Shade
					<BonesPerVertex>: 4
					<Bounds>: -0.1705452 0.02469683 0.004282296 0.7662224 0.4786657 0.605451
					<BoneNames>: 45 RigRArm1 RigRibcage RigRArmPalm RigRArm2 RigRArmFinger11 RigRArmFinger21 RigRArmFinger31 RigRArmFinger41 RigRArmFinger33 RigRArmFinger23 RigRArmFinger43 RigRArmFinger32 RigRArmFinger42 RigRArmFinger22 RigRArmFinger13 RigRArmFinger12 RigLArm1 RigLArmPalm RigLArm2 RigLArmFinger11 RigLArmFinger21 RigLArmFinger31 RigLArmFinger41 RigLArmFinger22 RigLArmFinger32 RigLArmFinger42 RigLArmFinger33 RigLArmFinger43 RigLArmFinger23 RigLArmFinger12 RigLArmFinger13 RigRLeg1 RigPelvis RigRLegAnkle RigRLegDigit11 RigRLegDigit12 RigRLeg2 RigSpine RigLLeg1 RigLLegAnkle RigLLeg2 RigLLegDigit11 RigLLegDigit12 RigHead RigJaw  
					<BoneOffsets>: 45 -0.9980757 0.0567397 -0.02501086 0 -0.05857538 -0.9950656 0.08008301 0 -0.02034357 0.08139389 0.9964743 0 0.2740299 -0.06155688 -0.7063032 1 1.561251E-15 -1.509958E-07 -1 0 5.820766E-09 -1 1.509958E-07 0 -1 0 -1.214306E-15 0 0.6758113 9.685755E-08 6.478125E-10 1 -0.9988092 0.02192538 0.04357933 0 0.04382143 0.01068377 0.9989823 0 0.02143749 0.9997024 -0.0116318 0 0.6112496 -0.7321645 -0.0333958 1 -0.9994553 -0.03266907 -0.004710048 0 0.03283543 -0.9986144 -0.04112124 0 -0.003360165 -0.04125353 0.999143 0 0.4263187 0.06453431 -0.7142888 1 -0.5116136 0.1242151 0.8501896 0 0.8555666 -0.01744471 0.5173985 0 0.07909994 0.9921019 -0.09734932 0 0.3593223 -0.783635 -0.444851 1 -0.9952202 0.09431052 0.02533481 0 0.02631363 0.009149238 0.9996117 0 0.09404218 0.9955007 -0.01158714 0 0.6814631 -0.7822021 0.06817215 1 -0.9954168 0.09230119 0.02501816 0 0.02597838 0.009215768 0.9996199 0 0.09203562 0.9956883 -0.01157142 0 0.6846158 -0.7799717 -0.02541837 1 -0.9890338 0.1166448 -0.0905883 0 -0.08908056 0.01808598 0.99586 0 0.1178002 0.9930087 -0.007496919 0 0.6743227 -0.7986044 -0.02307254 1 -0.9299633 0.3615383 0.06676956 0 0.07346454 0.004787836 0.9972864 0 0.3602375 0.9323448 -0.0310128 0 0.5704693 -0.9641547 -0.04783094 1 -0.9299633 0.3615381 0.06676925 0 0.07346444 0.004788185 0.9972864 0 0.3602373 0.9323448 -0.0310129 0 0.5659873 -0.9615385 0.04645418 1 -0.9298144 0.3677242 -0.01497585 0 -0.01342035 0.006786641 0.9998869 0 0.3677843 0.9299101 -0.001375214 0 0.5542909 -0.9625354 -0.09031375 1 -0.9672771 0.2503981 0.04093535 0 0.04310165 0.003171654 0.9990655 0 0.2500345 0.9681377 -0.01386052 0 0.6207011 -0.8908467 -0.03692451 1 -0.9563819 0.2904443 -0.03123952 0 -0.02623266 0.0211171 0.9994325 0 0.2909394 0.9566588 -0.01257687 0 0.5796854 -0.9154378 -0.06840844 1 -0.9599227 0.2765636 0.0453935 0 0.04762952 0.001369638 0.9988641 0 0.2761872 0.9609945 -0.01448737 0 0.5946102 -0.9077047 0.0537319 1 -0.7888492 0.1256126 0.601613 0 0.6047913 -0.01541263 0.7962349 0 0.1092895 0.9919596 -0.06381126 0 0.5924047 -0.7841904 -0.2464019 1 -0.5898723 0.123923 0.7979309 0 0.8027166 -0.01736699 0.5961075 0 0.08772903 0.9921397 -0.08923075 0 0.4552217 -0.7834499 -0.4037138 1 0.9980755 -0.05674004 -0.02501101 0 -0.05857574 -0.9950656 -0.08008303 0 -0.02034367 0.08139395 -0.9964744 0 0.2740299 -0.06155691 0.7063031 1 0.9988092 -0.02192541 0.04357861 0 0.04382068 0.0106842 -0.9989823 0 0.02143749 0.9997025 0.01163229 0 0.6112497 -0.7321647 0.03339522 1 0.9994549 0.03266876 -0.004710187 0 0.03283502 -0.9986145 0.04112103 0 -0.003360212 -0.04125324 -0.9991431 0 0.4263186 0.06453413 0.7142888 1 0.5116138 -0.1242146 0.8501893 0 0.8555669 -0.01744501 -0.5173983 0 0.07910008 0.9921021 0.09734882 0 0.3593222 -0.7836351 0.4448513 1 0.9952201 -0.0943105 0.02533537 0 0.02631403 0.009148312 -0.9996119 0 0.09404206 0.9955007 0.01158629 0 0.6814631 -0.7822022 -0.06817084 1 0.9954166 -0.09230063 0.02501891 0 0.02597901 0.009214837 -0.9996199 0 0.09203497 0.9956884 0.0115705 0 0.6846163 -0.7799715 0.02541981 1 0.9890338 -0.1166438 -0.09058747 0 -0.08907984 0.01808453 -0.9958602 0 0.1177991 0.9930091 0.00749554 0 0.6743234 -0.7986038 0.0230744 1 0.959923 -0.2765635 0.04538922 0 0.04762632 0.001373724 -0.9988641 0 0.276187 0.9609947 0.01449046 0 0.5946102 -0.9077046 -0.05373736 1 0.9672771 -0.2503995 0.04093065 0 0.04309805 0.003176089 -0.9990658 0 0.2500356 0.9681371 0.01386374 0 0.6207004 -0.8908477 0.03691859 1 0.9563813 -0.290445 -0.03124261 0 -0.02623522 0.02111949 -0.9994326 0 0.2909402 0.9566582 0.01257836 0 0.5796848 -0.9154384 0.06840517 1 0.9299631 -0.3615397 0.06676407 0 0.07346064 0.004792726 -0.9972863 0 0.3602388 0.9323443 0.03101596 0 0.5704682 -0.9641557 0.04782432 1 0.9298139 -0.3677249 -0.01497909 0 -0.01342291 0.006789155 -0.9998868 0 0.367785 0.9299098 0.001376704 0 0.5542903 -0.962536 0.09031029 1 0.9299638 -0.3615382 0.06676432 0 0.07346093 0.004792842 -0.9972866 0 0.3602371 0.9323451 0.03101606 0 0.5659875 -0.9615386 -0.04646013 1 0.5898731 -0.1239229 0.7979301 0 0.8027164 -0.01736646 -0.596108 0 0.08772872 0.9921399 0.08923097 0 0.4552222 -0.78345 0.403713 1 0.7888489 -0.1256118 0.6016135 0 0.6047917 -0.01541378 -0.7962343 0 0.1092897 0.9919597 0.0638098 0 0.5924042 -0.7841902 0.2464035 1 -0.1173861 -0.04094412 0.992242 0 0.04476435 -0.9983521 -0.03590047 0 0.9920771 0.04020287 0.1190255 0 -0.3959352 -0.009803504 -0.2210583 1 -2.081668E-15 -1.509958E-07 -1 0 0 -1 1.509958E-07 0 -1 -1.164153E-08 -3.469447E-16 0 0.4902213 7.450581E-08 6.478231E-10 1 -4.073993E-06 -8.307381E-08 1 0 0.4788203 -0.8779128 1.877781E-06 0 0.877913 0.4788203 3.616391E-06 0 -0.04801435 -0.02688439 -0.2150727 1 0 8.74228E-08 1 0 1 4.440892E-14 5.551115E-15 0 -8.881784E-14 1 -8.742279E-08 0 0.03064022 -0.008354515 -0.2150727 1 0 8.742285E-08 1 0 1 -2.220446E-14 0 0 -8.881784E-14 1 -8.74228E-08 0 0.1343919 -0.008354536 -0.2150727 1 -0.1143748 0.1048217 0.9878917 0 -0.04793198 -0.9938414 0.09990365 0 0.9922804 -0.03592509 0.1186948 0 -0.2008312 -0.02117519 -0.2189386 1 1.040834E-15 -1.509958E-07 -1 0 1.164153E-08 -1 1.509958E-07 0 -1 -1.164153E-08 -3.469447E-15 0 0.4902213 7.078052E-08 6.478267E-10 1 0.1169948 0.04093083 0.9922888 0 0.04477302 -0.9983517 0.03590201 0 0.9921228 0.04022741 -0.1186346 0 -0.3960219 -0.009816017 0.2209024 1 2.004421E-05 -9.408154E-08 1 0 0.4791232 -0.8777477 -9.68623E-06 0 0.8777476 0.4791232 -1.754869E-05 0 -0.04800183 -0.02690061 0.2150735 1 0.1148249 -0.1047598 0.9878463 0 -0.04794416 -0.9938495 -0.0998235 0 0.9922281 -0.03589913 -0.1191413 0 -0.2007315 -0.0211629 0.2189535 1 -2.775558E-15 8.742283E-08 1 0 1 8.881784E-14 0 0 1.776357E-13 1 -8.74228E-08 0 0.03065588 -0.00836482 0.2150736 1 0 8.742273E-08 1 0 1 8.881784E-14 -2.220446E-14 0 1.776357E-13 1 -8.74228E-08 0 0.1344076 -0.00836484 0.2150736 1 3.809739E-09 -1.511619E-07 -1 0 -0.08715589 -0.9961946 1.502546E-07 0 -0.9961946 0.08715589 -1.696989E-08 0 0.7636231 -0.06034439 2.461865E-08 1 -4.35449E-08 -1.908969E-07 -1 0 0.9961946 -0.08715598 -2.674141E-08 0 -0.08715597 -0.9961946 1.939657E-07 0 0.1808845 0.7990295 -1.427071E-07 1  
					<BoneIndices>: 1268 14 15 0 0 14 15 0 0 14 0 0 0 29 30 0 0 30 0 0 0 29 30 0 0 43 0 0 0 43 0 0 0 43 0 0 0 43 0 0 0 43 0 0 0 43 0 0 0 43 0 0 0 43 0 0 0 43 0 0 0 43 0 0 0 43 0 0 0 43 0 0 0 32 0 0 0 32 0 0 0 32 0 0 0 43 0 0 0 44 0 0 0 43 0 0 0 44 0 0 0 44 0 0 0 44 0 0 0 44 0 0 0 44 1 43 0 44 0 0 0 0 1 0 0 0 1 0 0 0 1 0 0 0 1 0 0 0 1 0 0 0 3 0 0 0 3 0 0 0 3 0 0 0 3 0 0 3 0 0 0 3 0 0 0 2 3 0 0 4 2 3 0 6 2 5 0 2 6 0 0 2 4 0 0 6 11 0 0 6 11 0 0 8 11 0 0 8 11 0 0 8 0 0 0 2 5 0 0 2 5 0 0 2 4 0 0 5 13 0 0 5 13 0 0 5 13 0 0 9 13 0 0 9 13 0 0 9 13 0 0 9 0 0 0 0 1 0 0 0 1 0 0 0 1 0 0 0 1 0 0 0 1 0 0 0 3 0 0 0 3 0 0 0 3 0 0 0 3 0 0 3 0 0 0 3 0 0 0 4 2 3 0 4 2 3 0 4 15 0 0 4 15 0 0 14 15 0 0 14 15 0 0 14 0 0 0 5 13 0 0 6 2 5 0 6 2 5 0 5 13 0 0 9 13 0 0 9 13 0 0 9 0 0 0 6 11 0 0 7 2 6 0 7 2 6 0 6 11 0 0 8 11 0 0 8 11 0 0 8 0 0 0 7 12 0 0 7 2 6 0 7 2 6 0 7 12 0 0 10 12 0 0 10 12 0 0 10 0 0 0 6 2 5 0 6 11 0 0 6 2 5 0 6 11 0 0 8 11 0 0 8 11 0 0 8 0 0 0 8 11 0 0 8 11 0 0 8 0 0 0 6 11 0 0 6 11 0 0 2 6 0 0 7 2 6 0 2 3 0 0 2 3 0 0 3 0 0 0 3 0 0 0 0 3 0 0 2 7 0 0 7 12 0 0 7 12 0 0 10 12 0 0 2 7 0 0 2 3 0 0 3 0 0 0 7 12 0 0 0 3 0 0 10 12 0 0 10 0 0 0 10 12 0 0 0 3 0 0 0 3 0 0 0 3 0 0 0 3 0 0 0 1 0 0 0 1 0 0 0 1 0 0 0 1 0 0 0 1 0 0 0 1 0 0 0 1 0 0 8 11 0 0 8 11 0 0 8 0 0 0 6 11 0 0 6 11 0 0 2 6 0 0 6 2 5 0 4 2 3 0 2 3 0 0 3 0 0 0 3 0 0 0 0 3 0 0 0 3 0 0 0 3 0 0 0 3 0 0 0 1 0 0 0 1 0 0 0 1 0 0 0 1 0 0 0 1 0 0 0 1 0 0 0 1 0 0 0 3 0 0 0 3 0 0 3 0 0 0 4 2 3 0 4 15 0 0 4 15 0 0 2 4 0 0 14 15 0 0 14 15 0 0 14 0 0 0 14 15 0 0 4 15 0 0 2 5 0 0 2 4 0 0 2 5 0 0 5 13 0 0 5 13 0 0 5 13 0 0 9 13 0 0 9 13 0 0 9 13 0 0 9 0 0 0 8 11 0 0 8 11 0 0 8 0 0 0 6 11 0 0 6 11 0 0 2 6 0 0 7 2 6 0 2 3 0 0 2 3 0 0 3 0 0 0 3 0 0 0 0 3 0 0 0 3 0 0 0 3 0 0 0 3 0 0 0 1 0 0 0 1 0 0 0 3 0 0 0 3 0 0 3 0 0 0 0 1 0 0 2 3 0 0 0 1 0 0 0 1 0 0 0 1 0 0 0 1 0 0 2 7 0 0 2 7 0 0 7 12 0 0 7 12 0 0 7 12 0 0 10 12 0 0 10 12 0 0 10 12 0 0 10 0 0 0 4 15 0 0 2 4 0 0 2 4 0 0 4 15 0 0 14 15 0 0 4 15 0 0 2 4 0 0 14 15 0 0 14 15 0 0 14 0 0 0 2 4 0 0 4 15 0 0 4 2 3 0 4 15 0 0 14 15 0 0 14 15 0 0 16 1 0 0 16 1 0 0 16 1 0 0 16 1 0 0 16 1 0 0 16 18 0 0 16 18 0 0 16 18 0 0 16 18 0 0 18 16 0 0 18 16 0 0 17 18 0 0 19 17 18 0 21 17 20 0 17 21 0 0 17 19 0 0 21 24 0 0 21 24 0 0 24 26 0 0 24 26 0 0 26 0 0 0 17 20 0 0 17 20 0 0 17 19 0 0 20 23 0 0 20 23 0 0 20 23 0 0 23 28 0 0 23 28 0 0 23 28 0 0 28 0 0 0 16 1 0 0 16 1 0 0 16 1 0 0 16 1 0 0 16 1 0 0 16 18 0 0 16 18 0 0 16 18 0 0 16 18 0 0 18 16 0 0 18 16 0 0 19 17 18 0 19 17 18 0 19 29 0 0 19 29 0 0 29 30 0 0 29 30 0 0 30 0 0 0 21 17 20 0 20 23 0 0 21 17 20 0 20 23 0 0 23 28 0 0 23 28 0 0 28 0 0 0 22 17 21 0 21 24 0 0 22 17 21 0 21 24 0 0 24 26 0 0 24 26 0 0 26 0 0 0 22 17 21 0 22 25 0 0 22 17 21 0 22 25 0 0 25 27 0 0 25 27 0 0 27 0 0 0 21 24 0 0 21 17 20 0 21 17 20 0 21 24 0 0 24 26 0 0 24 26 0 0 26 0 0 0 24 26 0 0 26 0 0 0 24 26 0 0 21 24 0 0 21 24 0 0 17 21 0 0 22 17 21 0 17 18 0 0 17 18 0 0 18 16 0 0 18 16 0 0 16 18 0 0 17 22 0 0 22 25 0 0 22 25 0 0 25 27 0 0 17 22 0 0 17 18 0 0 18 16 0 0 22 25 0 0 16 18 0 0 25 27 0 0 27 0 0 0 25 27 0 0 16 18 0 0 16 18 0 0 16 18 0 0 16 18 0 0 16 1 0 0 16 1 0 0 16 1 0 0 16 1 0 0 16 1 0 0 16 1 0 0 16 1 0 0 24 26 0 0 26 0 0 0 24 26 0 0 21 24 0 0 21 24 0 0 17 21 0 0 21 17 20 0 19 17 18 0 17 18 0 0 18 16 0 0 18 16 0 0 16 18 0 0 16 18 0 0 16 18 0 0 16 18 0 0 16 1 0 0 16 1 0 0 16 1 0 0 16 1 0 0 16 1 0 0 16 1 0 0 16 1 0 0 16 18 0 0 16 18 0 0 18 16 0 0 19 17 18 0 19 29 0 0 19 29 0 0 17 19 0 0 29 30 0 0 29 30 0 0 30 0 0 0 29 30 0 0 19 29 0 0 17 20 0 0 17 19 0 0 17 20 0 0 20 23 0 0 20 23 0 0 20 23 0 0 23 28 0 0 23 28 0 0 23 28 0 0 28 0 0 0 24 26 0 0 26 0 0 0 24 26 0 0 21 24 0 0 21 24 0 0 17 21 0 0 22 17 21 0 17 18 0 0 17 18 0 0 18 16 0 0 18 16 0 0 16 18 0 0 16 18 0 0 16 18 0 0 16 18 0 0 16 1 0 0 16 1 0 0 16 18 0 0 16 18 0 0 18 16 0 0 16 1 0 0 17 18 0 0 16 1 0 0 16 1 0 0 16 1 0 0 16 1 0 0 17 22 0 0 17 22 0 0 22 25 0 0 22 25 0 0 22 25 0 0 25 27 0 0 25 27 0 0 25 27 0 0 27 0 0 0 17 19 0 0 19 29 0 0 17 19 0 0 19 29 0 0 29 30 0 0 19 29 0 0 17 19 0 0 29 30 0 0 29 30 0 0 30 0 0 0 19 29 0 0 17 19 0 0 19 17 18 0 19 29 0 0 29 30 0 0 29 30 0 0 31 32 0 0 31 32 0 0 31 32 0 0 31 32 0 0 31 32 0 0 31 36 0 0 31 32 0 0 31 32 0 0 31 36 0 0 36 31 0 0 31 32 0 0 31 32 0 0 36 31 0 0 35 33 36 0 31 36 0 0 31 32 0 0 31 32 0 0 31 36 0 0 36 31 0 0 35 33 36 0 31 32 0 0 31 32 0 0 31 32 0 0 31 36 0 0 31 36 0 0 31 36 0 0 35 0 0 0 35 0 0 0 36 31 0 0 35 33 36 34 35 0 0 0 35 0 0 0 35 0 0 0 36 31 0 0 36 31 0 0 36 31 0 0 35 33 36 34 35 33 36 0 35 33 36 0 35 33 36 34 35 0 0 0 35 0 0 0 35 0 0 0 35 0 0 0 35 0 0 0 35 0 0 0 35 0 0 0 35 0 0 0 35 0 0 0 31 32 0 0 31 32 0 0 31 32 0 0 31 32 0 0 31 36 0 0 31 32 0 0 31 36 0 0 36 31 0 0 31 32 0 0 31 32 0 0 36 31 0 0 35 33 36 0 31 32 0 0 31 32 0 0 31 36 0 0 31 32 0 0 31 32 0 0 31 36 0 0 36 31 0 0 33 36 0 0 31 32 0 0 31 32 0 0 31 32 0 0 31 36 0 0 31 36 0 0 31 36 0 0 36 31 0 0 36 31 0 0 36 31 0 0 36 31 0 0 33 36 0 0 33 36 0 0 35 33 36 0 33 36 0 0 33 36 0 0 33 0 0 0 33 0 0 0 33 0 0 0 33 0 0 0 33 0 0 0 33 35 0 0 35 0 0 0 33 35 0 0 35 0 0 0 35 0 0 0 31 32 0 0 31 32 0 0 31 32 0 0 31 32 0 0 31 32 0 0 31 32 0 0 31 32 0 0 31 32 0 0 31 32 0 0 31 32 0 0 31 32 0 0 31 32 0 0 31 32 0 0 31 32 0 0 31 32 0 0 31 32 0 0 35 0 0 0 33 35 0 0 33 35 0 0 35 0 0 0 35 0 0 0 33 35 0 0 35 0 0 0 35 33 36 34 35 0 0 0 35 0 0 0 35 0 0 0 33 35 0 0 35 33 36 34 35 0 0 0 35 0 0 0 35 0 0 0 35 33 36 34 33 35 0 0 35 0 0 0 35 0 0 0 35 0 0 0 33 35 0 0 35 33 36 34 35 0 0 0 35 0 0 0 35 0 0 0 35 0 0 0 35 0 0 0 33 35 0 0 33 35 0 0 35 0 0 0 35 0 0 0 35 0 0 0 35 0 0 0 33 35 0 0 35 0 0 0 33 35 0 0 33 0 0 0 33 0 0 0 33 0 0 0 33 0 0 0 33 0 0 0 35 0 0 0 33 35 0 0 33 35 0 0 35 0 0 0 38 32 0 0 38 32 0 0 38 32 0 0 38 32 0 0 38 40 0 0 38 32 0 0 38 40 0 0 40 38 0 0 38 32 0 0 38 32 0 0 40 38 0 0 42 39 40 0 38 32 0 0 38 32 0 0 38 40 0 0 38 32 0 0 38 32 0 0 38 40 0 0 40 38 0 0 42 39 40 0 38 32 0 0 38 32 0 0 38 32 0 0 38 40 0 0 38 40 0 0 38 40 0 0 42 0 0 0 42 0 0 0 40 38 0 0 42 39 40 41 42 0 0 0 42 0 0 0 42 0 0 0 40 38 0 0 40 38 0 0 40 38 0 0 42 39 40 41 42 39 40 0 42 39 40 0 42 39 40 41 42 0 0 0 42 0 0 0 42 0 0 0 42 0 0 0 42 0 0 0 42 0 0 0 42 0 0 0 42 0 0 0 42 0 0 0 38 32 0 0 38 32 0 0 38 32 0 0 38 32 0 0 38 32 0 0 38 40 0 0 38 32 0 0 38 32 0 0 38 40 0 0 40 38 0 0 38 32 0 0 38 32 0 0 40 38 0 0 42 39 40 0 38 40 0 0 38 32 0 0 38 32 0 0 38 40 0 0 40 38 0 0 39 40 0 0 38 32 0 0 38 32 0 0 38 32 0 0 38 40 0 0 38 40 0 0 38 40 0 0 40 38 0 0 40 38 0 0 40 38 0 0 40 38 0 0 39 40 0 0 39 40 0 0 42 39 40 0 39 40 0 0 39 40 0 0 39 0 0 0 39 0 0 0 39 0 0 0 39 0 0 0 39 0 0 0 39 42 0 0 42 0 0 0 39 42 0 0 42 0 0 0 42 0 0 0 38 32 0 0 38 32 0 0 38 32 0 0 38 32 0 0 38 32 0 0 38 32 0 0 38 32 0 0 38 32 0 0 38 32 0 0 38 32 0 0 38 32 0 0 38 32 0 0 38 32 0 0 38 32 0 0 38 32 0 0 38 32 0 0 39 42 0 0 42 0 0 0 39 42 0 0 42 0 0 0 42 0 0 0 42 0 0 0 39 42 0 0 42 39 40 41 42 0 0 0 42 0 0 0 39 42 0 0 42 0 0 0 42 39 40 41 42 0 0 0 42 0 0 0 42 39 40 41 42 0 0 0 39 42 0 0 42 0 0 0 42 0 0 0 39 42 0 0 42 0 0 0 42 39 40 41 42 0 0 0 42 0 0 0 42 0 0 0 42 0 0 0 42 0 0 0 39 42 0 0 39 42 0 0 42 0 0 0 42 0 0 0 42 0 0 0 39 42 0 0 42 0 0 0 42 0 0 0 39 42 0 0 39 0 0 0 39 0 0 0 39 0 0 0 39 0 0 0 39 0 0 0 42 0 0 0 39 42 0 0 42 0 0 0 39 42 0 0 43 0 0 0 43 0 0 0 43 0 0 0 43 0 0 0 43 0 0 0 43 0 0 0 43 0 0 0 43 0 0 0 43 0 0 0 43 0 0 0 43 0 0 0 43 0 0 0 43 0 0 0 43 0 0 0 43 0 0 0 43 0 0 0 43 0 0 0 43 0 0 0 43 0 0 0 43 0 0 0 43 0 0 0 43 0 0 0 43 0 0 0 43 0 0 0 43 0 0 0 43 0 0 0 43 0 0 0 43 0 0 0 43 0 0 0 43 0 0 0 43 0 0 0 43 0 0 0 43 0 0 0 43 0 0 0 43 0 0 0 43 0 0 0 43 0 0 0 43 0 0 0 43 0 0 0 43 0 0 0 43 0 0 0 43 0 0 0 43 0 0 0 43 0 0 0 43 0 0 0 43 0 0 0 43 0 0 0 43 0 0 0 43 0 0 0 43 0 0 0 43 0 0 0 43 0 0 0 43 0 0 0 43 0 0 0 43 0 0 0 43 0 0 0 43 0 0 0 43 0 0 0 43 0 0 0 43 0 0 0 43 0 0 0 43 0 0 0 43 0 0 0 43 0 0 0 43 0 0 0 43 0 0 0 43 0 0 0 43 0 0 0 43 0 0 0 43 0 0 0 43 0 0 0 43 0 0 0 43 0 0 0 43 0 0 0 43 0 0 0 43 0 0 0 43 0 0 0 43 0 0 0 43 0 0 0 43 0 0 0 43 0 0 0 43 0 0 0 43 0 0 0 43 0 0 0 43 0 0 0 43 0 0 0 43 0 0 0 43 0 0 0 43 0 0 0 43 0 0 0 43 0 0 0 43 0 0 0 43 0 0 0 43 0 0 0 43 0 0 0 43 0 0 0 43 0 0 0 43 0 0 0 43 0 0 0 43 0 0 0 43 0 0 0 43 0 0 0 43 0 0 0 43 0 0 0 43 0 0 0 43 0 0 0 43 0 0 0 43 0 0 0 43 0 0 0 43 0 0 0 43 0 0 0 43 0 0 0 43 0 0 0 43 0 0 0 43 0 0 0 43 0 0 0 43 0 0 0 43 0 0 0 43 0 0 0 43 0 0 0 43 0 0 0 43 0 0 0 43 0 0 0 43 0 0 0 43 0 0 0 43 0 0 0 43 0 0 0 43 0 0 0 43 0 0 0 43 0 0 0 43 0 0 0 43 0 0 0 43 0 0 0 43 0 0 0 43 0 0 0 43 0 0 0 43 0 0 0 43 0 0 0 43 0 0 0 43 0 0 0 43 0 0 0 43 0 0 0 43 0 0 0 43 0 0 0 43 0 0 0 43 0 0 0 43 0 0 0 43 0 0 0 43 0 0 0 43 0 0 0 43 0 0 0 43 0 0 0 43 0 0 0 43 0 0 0 43 0 0 0 43 0 0 0 43 0 0 0 43 0 0 0 43 0 0 0 43 0 0 0 43 0 0 0 43 0 0 0 43 0 0 0 43 0 0 0 43 0 0 0 43 0 0 0 43 0 0 0 43 0 0 0 43 0 0 0 43 0 0 0 43 0 0 0 43 0 0 0 43 0 0 0 43 0 0 0 43 0 0 0 43 0 0 0 43 0 0 0 43 0 0 0 43 0 0 0 43 0 0 0 43 0 0 0 43 0 0 0 43 0 0 0 43 0 0 0 43 0 0 0 43 0 0 0 43 0 0 0 43 0 0 0 43 0 0 0 43 0 0 0 43 0 0 0 43 0 0 0 43 0 0 0 43 0 0 0 43 0 0 0 43 0 0 0 43 0 0 0 43 0 0 0 43 0 0 0 43 0 0 0 43 0 0 0 43 0 0 0 43 0 0 0 43 0 0 0 43 0 0 0 43 0 0 0 43 0 0 0 43 0 0 0 43 0 0 0 43 0 0 0 43 0 0 0 43 0 0 0 43 0 0 0 43 0 0 0 1 43 0 0 43 0 0 0 43 0 0 0 43 0 0 0 43 0 0 0 43 0 0 0 43 0 0 0 43 0 0 0 1 43 0 0 43 0 0 0 43 0 0 0 1 43 0 0 43 0 0 0 43 0 0 0 43 0 0 0 43 0 0 0 1 43 0 0 43 0 0 0 43 0 0 0 43 0 0 0 1 32 43 0 1 43 0 0 1 43 0 0 1 43 0 0 1 43 0 0 43 0 0 0 1 32 43 0 43 0 0 0 43 0 0 0 43 0 0 0 1 32 43 0 1 32 43 0 1 43 0 0 43 0 0 0 1 32 43 0 1 32 0 0 1 32 0 0 1 32 0 0 1 32 0 0 1 32 43 0 44 1 43 0 1 32 0 0 44 0 0 0 43 0 0 0 43 0 0 0 43 0 0 0 43 0 0 0 43 0 0 0 43 0 0 0 43 0 0 0 32 0 0 0 32 0 0 0 32 0 0 0 32 0 0 0 32 0 0 0 32 0 0 0 32 0 0 0 32 0 0 0 32 0 0 0 1 32 0 0 1 32 43 0 44 1 43 0 44 0 0 0 44 0 0 0 44 0 0 0 44 0 0 0 44 0 0 0 32 0 0 0 32 0 0 0 32 0 0 0 32 0 0 0 32 0 0 0 44 1 43 0 43 0 0 0 43 0 0 0 43 0 0 0 43 0 0 0 43 0 0 0 43 0 0 0 43 0 0 0 1 32 43 0 1 32 43 0 1 32 43 0 1 32 0 0 1 32 0 0 32 0 0 0 1 32 43 0 1 32 0 0 32 0 0 0 32 0 0 0 32 0 0 0 32 0 0 0 32 0 0 0 32 0 0 0 32 0 0 0 32 0 0 0 32 0 0 0 32 0 0 0 32 0 0 0 32 0 0 0 32 0 0 0 32 0 0 0 32 0 0 0 32 0 0 0 32 0 0 0 32 0 0 0 1 32 0 0 32 0 0 0 32 0 0 0 32 0 0 0 32 0 0 0 32 0 0 0 1 32 0 0 32 0 0 0 32 0 0 0 1 32 0 0 1 32 43 0 43 0 0 0 43 0 0 0 43 0 0 0 43 0 0 0 43 0 0 0 43 0 0 0 43 0 0 0 43 0 0 0 43 0 0 0 43 0 0 0 43 0 0 0 43 0 0 0 43 0 0 0 43 0 0 0 43 0 0 0 43 0 0 0 43 0 0 0 43 0 0 0 43 0 0 0 43 0 0 0 43 0 0 0 43 0 0 0 43 0 0 0 43 0 0 0 43 0 0 0 43 0 0 0 43 0 0 0 43 0 0 0 43 0 0 0 43 0 0 0 43 0 0 0 43 0 0 0 43 0 0 0 43 0 0 0 43 0 0 0 43 0 0 0 43 0 0 0 43 0 0 0 43 0 0 0 43 0 0 0 43 0 0 0 43 0 0 0 43 0 0 0 43 0 0 0 43 0 0 0 43 0 0 0 43 0 0 0 43 0 0 0 43 0 0 0 43 0 0 0 43 0 0 0 43 0 0 0 43 0 0 0 43 0 0 0 43 0 0 0 43 0 0 0 43 0 0 0 43 0 0 0 43 0 0 0 43 0 0 0 43 0 0 0 43 0 0 0 43 0 0 0 43 0 0 0 43 0 0 0 43 0 0 0 43 0 0 0 43 0 0 0 43 0 0 0 43 0 0 0 43 0 0 0 43 0 0 0 43 0 0 0 43 0 0 0 43 0 0 0 43 0 0 0 43 0 0 0 43 0 0 0 43 0 0 0 43 0 0 0 43 0 0 0 43 0 0 0 43 0 0 0 43 0 0 0 43 0 0 0 43 0 0 0 43 0 0 0 43 0 0 0 43 0 0 0 43 0 0 0 43 0 0 0 43 0 0 0 43 0 0 0 43 0 0 0 43 0 0 0 43 0 0 0 43 0 0 0 44 0 0 0 44 0 0 0 43 0 0 0 44 0 0 0 43 0 0 0 44 0 0 0 43 0 0 0 44 0 0 0 44 0 0 0 43 0 0 0 44 0 0 0 44 0 0 0 43 0 0 0 43 0 0 0 43 0 0 0 43 0 0 0 43 0 0 0 43 0 0 0 43 0 0 0 43 0 0 0 43 0 0 0 44 0 0 0 44 0 0 0 43 0 0 0 44 0 0 0 44 0 0 0 44 0 0 0 44 0 0 0 44 0 0 0 44 0 0 0 44 0 0 0 44 0 0 0 44 0 0 0 44 0 0 0 44 0 0 0 44 0 0 0 44 0 0 0 44 0 0 0 44 0 0 0 44 0 0 0 44 0 0 0 44 0 0 0 44 0 0 0 44 0 0 0 44 0 0 0 44 0 0 0 44 0 0 0 44 0 0 0 44 0 0 0 43 0 0 0 43 0 0 0 44 0 0 0 43 0 0 0 43 0 0 0 43 0 0 0 43 0 0 0 43 0 0 0 43 0 0 0 43 0 0 0 43 0 0 0 43 0 0 0 43 0 0 0 43 0 0 0 43 0 0 0 43 0 0 0 43 0 0 0 43 0 0 0 43 0 0 0 43 0 0 0 43 0 0 0 43 0 0 0 43 0 0 0 43 0 0 0 43 0 0 0 43 0 0 0 43 0 0 0 43 0 0 0 43 0 0 0 43 0 0 0 43 0 0 0 43 0 0 0 43 0 0 0 43 0 0 0 43 0 0 0  
