<Hierarchy>:
	<Frame>: 0 0 Shadow
		<Transform>: 0 0 0 0 0 0 1.3 1.3 1.3 0 0 0 1  
		<TransformMatrix>: 1.3 0 0 0 0 1.3 0 0 0 0 1.3 0 0 0 0 1  
		<Children>: 17
			<Frame>: 1 0 Rig
				<Transform>: 0 0 0 0 270 270 1 1 1 0.5000001 -0.5000001 -0.4999999 0.4999999  
				<TransformMatrix>: 0 -1 0 0 -2.384186E-07 0 1 0 -1 0 -2.384186E-07 0 0 0 0 1  
				<Children>: 0
			</Frame>
			<Frame>: 2 0 RigHair1Gizmo
				<Transform>: 0.02898982 2.070107 0.2350334 1.194449 268.9285 273.8251 1 1 1 0.4928353 -0.5161987 -0.4730379 0.5166115  
				<TransformMatrix>: 0.01954806 -0.9975555 0.06708875 0 -0.02004826 0.066697 0.9975718 0 -0.9996079 -0.02084556 -0.01869547 0 0.02898982 2.070107 0.2350334 1  
				<Children>: 0
			</Frame>
			<Frame>: 3 0 RigHair2Gizmo
				<Transform>: 0.02639613 2.202465 0.2261319 1.194446 268.9285 280.7153 1 1 1 0.4609256 -0.5448813 -0.441139 0.5441033  
				<TransformMatrix>: 0.01700151 -0.9823498 0.1862788 0 -0.02224916 0.1858879 0.982319 0 -0.9996079 -0.0208455 -0.01869607 0 0.02639613 2.202465 0.2261319 1  
				<Children>: 0
			</Frame>
			<Frame>: 4 0 RigHeadGizmo
				<Transform>: 0.03759182 1.670904 0.2202172 1.194448 268.9285 272.3188 1 1 0.9999999 0.4995778 -0.5096761 -0.4797876 0.5103491  
				<TransformMatrix>: 0.02006817 -0.9989641 0.04084301 0 -0.01952735 0.04045177 0.9989908 0 -0.9996078 -0.02084553 -0.01869535 0 0.03759182 1.670904 0.2202172 1  
				<Children>: 0
			</Frame>
			<Frame>: 5 0 RigJawGizmo
				<Transform>: 0.03429239 1.726158 0.3350195 0.9027809 268.6735 153.4498 0.9999997 1 0.9999997 0.6948467 0.1695932 -0.6814719 -0.1549911  
				<TransformMatrix>: 0.01366829 0.4469266 -0.8944659 0 0.02443832 -0.8944321 -0.4465363 0 -0.9996076 -0.01575584 -0.02314758 0 0.03429239 1.726158 0.3350195 1  
				<Children>: 0
			</Frame>
			<Frame>: 6 0 RigLArm1Gizmo
				<Transform>: -0.4806764 1.382005 0.2332353 45.5003 123.9673 116.3677 1 1 1 0.7875669 0.2748515 0.1881087 0.518469  
				<TransformMatrix>: 0.7781435 0.6279849 0.01129228 0 0.2378709 -0.3112929 0.920062 0 0.5813003 -0.7132542 -0.3916099 0 -0.4806764 1.382005 0.2332353 1  
				<Children>: 0
			</Frame>
			<Frame>: 7 0 RigLArm2Gizmo
				<Transform>: -0.8800464 1.059702 0.2274397 39.42771 136.1725 46.05882 1 1 0.9999997 0.457525 0.7545171 -0.1505656 0.4457632  
				<TransformMatrix>: -0.1839322 0.5561878 -0.8104471 0 0.824654 0.5360018 0.180687 0 0.5348967 -0.635104 -0.5572503 0 -0.8800464 1.059702 0.2274397 1  
				<Children>: 0
			</Frame>
			<Frame>: 8 0 RigLArmPalmGizmo
				<Transform>: -0.8363218 0.9274846 0.4200999 313.894 34.61929 63.48286 0.9999968 1.000009 0.9999961 -0.1739027 0.4295036 0.5612351 0.6857839  
				<TransformMatrix>: 0.001083549 0.6203864 -0.7842914 0 -0.9191637 0.3095487 0.2435878 0 0.3938912 0.7206216 0.5705668 0 -0.8363218 0.9274846 0.4200999 1  
				<Children>: 0
			</Frame>
			<Frame>: 9 0 RigLLegPlatform
				<Transform>: -0.3640329 -5.064688E-09 0.115867 0 265 270 1 1 1 0.5213338 -0.5213338 -0.4777144 0.4777144  
				<TransformMatrix>: 0 -1 0 0 -0.08715579 0 0.9961947 0 -0.9961947 0 -0.08715582 0 -0.3640329 -5.064688E-09 0.115867 1  
				<Children>: 0
			</Frame>
			<Frame>: 10 0 Pelvis
				<Transform>: 2.542602E-14 0.7270307 -7.094776E-08 0 270 270 1 1 1 0.5000001 -0.5000001 -0.5 0.5  
				<TransformMatrix>: 0 -1 0 0 -1.788139E-07 0 1 0 -1 0 -2.384186E-07 0 2.542602E-14 0.7270307 -7.094776E-08 1  
				<Children>: 3
					<Frame>: 11 0 RigLLeg1
						<Transform>: 0.09855209 1.471938E-08 0.2392235 357.0051 164.9972 353.6295 1 1 0.9999999 -0.0584762 0.9893824 0.01861718 0.1317439  
						<TransformMatrix>: -0.9584482 -0.1108052 -0.2628675 0 -0.120616 0.9924679 0.02143127 0 0.2585128 0.05224679 -0.9645938 0 0.09855209 1.471938E-08 0.2392235 1  
						<Children>: 1
							<Frame>: 12 0 RigLLeg2
								<Transform>: -0.2383723 -9.536743E-09 -1.144409E-07 0.9889118 359.7003 13.27379 1.000001 0.9999992 1 0.008269709 -0.003594645 0.1155945 0.9932556  
								<TransformMatrix>: 0.9732512 0.2295707 0.00905268 0 -0.2296891 0.9731383 0.01559681 0 -0.005228935 -0.01725891 0.9998374 0 -0.2383723 -9.536743E-09 -1.144409E-07 1  
								<Children>: 1
									<Frame>: 13 0 RigLLegAnkle
										<Transform>: -0.2878958 3.576279E-09 0 3.795017 15.08293 295.208 1.000006 1.000002 0.9999919 -0.042561 0.1283436 -0.5345113 0.8342746  
										<TransformMatrix>: 0.3956534 -0.9027884 -0.1686499 0 0.8809351 0.4249731 -0.2082177 0 0.2596442 -0.06618658 0.9634252 0 -0.2878958 3.576279E-09 0 1  
										<Children>: 1
											<Frame>: 14 0 RigLLegToes1
												<Transform>: -0.2386324 0 0 5.862011E-06 -2.388926E-06 328.6479 1 1 1 5.488585E-08 -6.249719E-09 -0.2701981 0.9628047  
												<TransformMatrix>: 0.853986 -0.520296 -1.762559E-08 0 0.520296 0.853986 1.09066E-07 0 -4.169462E-08 -1.023114E-07 1 0 -0.2386324 0 0 1  
												<Children>: 0
											</Frame>
									</Frame>
							</Frame>
					</Frame>
					<Frame>: 15 0 RigRLeg1
						<Transform>: 0.09855217 1.471938E-08 -0.2392235 2.994872 195.0026 353.6299 1 1 1 -0.05847313 0.9893829 -0.0186176 -0.1317417  
						<TransformMatrix>: -0.9584501 -0.1107992 0.2628632 0 -0.1206101 0.9924685 -0.02143317 0 -0.2585087 -0.05224657 -0.9645951 0 0.09855217 1.471938E-08 -0.2392235 1  
						<Children>: 1
							<Frame>: 16 0 RigRLeg2
								<Transform>: -0.2383723 -9.536743E-09 7.629394E-08 359.0103 0.299957 13.27386 0.9999987 1.000001 1 -0.008275809 0.003598127 0.1155951 0.9932554  
								<TransformMatrix>: 0.9732485 0.2295711 -0.009060994 0 -0.2296907 0.9731394 -0.01560814 0 0.005234435 0.01727184 0.9998376 0 -0.2383723 -9.536743E-09 7.629394E-08 1  
								<Children>: 1
									<Frame>: 17 0 RigRLegAnkle
										<Transform>: -0.2878958 3.576279E-09 0 356.2054 344.9167 295.2067 0.9999943 0.9999979 1.000008 0.04256711 -0.1283443 -0.534521 0.834268  
										<TransformMatrix>: 0.3956279 -0.9027888 0.1686401 0 0.8809392 0.4249498 0.2082298 0 -0.2596551 0.06618117 0.9634389 0 -0.2878958 3.576279E-09 0 1  
										<Children>: 1
											<Frame>: 18 0 RigRLegToes1
												<Transform>: -0.2386324 0 3.814697E-08 -5.862012E-06 2.388924E-06 328.6479 1 1 1 -5.488586E-08 6.249704E-09 -0.2701981 0.9628047  
												<TransformMatrix>: 0.853986 -0.520296 1.762562E-08 0 0.520296 0.853986 -1.09066E-07 0 4.16946E-08 1.023114E-07 1 0 -0.2386324 0 3.814697E-08 1  
												<Children>: 0
											</Frame>
									</Frame>
							</Frame>
					</Frame>
					<Frame>: 19 0 RigSpine1
						<Transform>: -0.06059067 -0.1086684 2.115851E-08 2.374972E-08 4.805109E-07 0.7142581 1 1 1 2.33388E-10 4.191875E-09 0.006233037 0.9999806  
						<TransformMatrix>: 0.9999225 0.01246583 -8.380679E-09 0 -0.01246583 0.9999225 5.190233E-10 0 8.386497E-09 -4.145108E-10 1 0 -0.06059067 -0.1086684 2.115851E-08 1  
						<Children>: 1
							<Frame>: 20 0 RigSpine2
								<Transform>: -0.3047829 9.536743E-09 0 -5.061365E-07 2.785855E-06 20.47472 0.9999995 0.9999995 1 -2.581907E-11 2.470913E-08 0.1777264 0.98408  
								<TransformMatrix>: 0.9368262 0.3497939 -4.864068E-08 0 -0.3497939 0.9368262 8.732112E-09 0 4.862235E-08 8.833749E-09 1 0 -0.3047829 9.536743E-09 0 1  
								<Children>: 1
									<Frame>: 21 0 RigSpine3
										<Transform>: -0.2239293 -3.814697E-08 -4.547473E-15 -1.302124E-06 -6.298445E-06 339.0449 1 1 1 -1.178431E-09 -5.611424E-08 -0.1818504 0.9833263  
										<TransformMatrix>: 0.9338608 -0.3576365 1.107858E-07 0 0.3576365 0.9338608 1.809123E-08 0 -1.099286E-07 2.272636E-08 1 0 -0.2239293 -3.814697E-08 -4.547473E-15 1  
										<Children>: 1
											<Frame>: 22 0 RigRibcage
												<Transform>: -0.2892522 0 0 -5.792063E-07 2.113518E-06 354.7661 1 1 1 -5.891372E-09 1.819391E-08 -0.04565815 0.9989572  
												<TransformMatrix>: 0.9958308 -0.09122107 -3.58119E-08 0 0.09122107 0.9958308 -1.343186E-08 0 3.688785E-08 1.010906E-08 1 0 -0.2892522 0 0 1  
												<Children>: 3
													<Frame>: 23 0 RigLArmCollarbone
														<Transform>: -0.07210739 0.3802841 0.1346824 2.370786 108.3598 29.85697 1 1 1 0.2205418 0.7802041 0.1345253 0.5696894  
														<TransformMatrix>: -0.2536309 0.4974105 -0.8296111 0 0.1908599 0.8665285 0.4611951 0 0.9482849 -0.04136622 -0.3147142 0 -0.07210739 0.3802841 0.1346824 1  
														<Children>: 1
															<Frame>: 24 0 RigLArm1
																<Transform>: -0.4562247 0 3.051758E-07 11.24123 30.04852 334.0637 1 1 0.9999998 0.03428679 0.2726294 -0.240438 0.9309604  
																<TransformMatrix>: 0.7357256 -0.4289813 -0.5241022 0 0.4663717 0.8820281 -0.06726165 0 0.4911266 -0.1949402 0.848995 0 -0.4562247 0 3.051758E-07 1  
																<Children>: 1
																	<Frame>: 25 0 RigLArm2
																		<Transform>: -0.5132339 -6.67572E-08 3.051758E-07 20.50323 18.96959 348.0427 1 1 0.9999994 0.1576938 0.1795568 -0.1302614 0.9622495  
																		<TransformMatrix>: 0.901583 -0.194058 -0.3866399 0 0.3073179 0.9163294 0.256703 0 0.3044739 -0.35026 0.8857835 0 -0.5132339 -6.67572E-08 3.051758E-07 1  
																		<Children>: 1
																			<Frame>: 26 0 RigLArmPalm
																				<Transform>: -0.2377203 8.773803E-07 -8.392334E-07 290.8753 198.4456 181.152 0.999998 0.9999999 1.000002 -0.8119082 0.09909142 0.1376102 0.5586138  
																				<TransformMatrix>: 0.9424868 -0.007164345 -0.3341607 0 -0.3146482 -0.3562629 -0.8798143 0 -0.1127462 0.9343601 -0.3380286 0 -0.2377203 8.773803E-07 -8.392334E-07 1  
																				<Children>: 4
																					<Frame>: 27 0 RigLArmDigit11
																						<Transform>: -0.05972923 -0.01285484 0.1883219 29.26155 61.70534 14.76372 1.000003 1 0.999997 0.2788006 0.4642298 -0.02173878 0.8404096  
																						<TransformMatrix>: 0.5680378 0.2223168 -0.7924101 0 0.2953941 0.8435953 0.4484299 0 0.7681625 -0.4887956 0.4135207 0 -0.05972923 -0.01285484 0.1883219 1  
																						<Children>: 1
																							<Frame>: 28 0 RigLArmDigit12
																								<Transform>: -0.07123169 3.814697E-07 -1.144409E-07 358.9042 354.8708 2.052087 1.000003 1 0.9999968 -0.01035278 -0.04456554 0.01746031 0.9988002  
																								<TransformMatrix>: 0.9954208 0.03580157 0.08866287 0 -0.03395597 0.9991761 -0.02223698 0 -0.08938538 0.0191244 0.9958103 0 -0.07123169 3.814697E-07 -1.144409E-07 1  
																								<Children>: 1
																									<Frame>: 29 0 RigLArmDigit13
																										<Transform>: -0.08143348 3.814697E-07 -7.629394E-08 345.5803 354.194 6.539013 1.000002 1.000002 0.999996 -0.1280045 -0.04301448 0.05016328 0.9895698  
																										<TransformMatrix>: 0.9912686 0.1102924 0.07228953 0 -0.08826821 0.9621989 -0.2576548 0 -0.09797352 0.2490223 0.9635254 0 -0.08143348 3.814697E-07 -7.629394E-08 1  
																										<Children>: 0
																									</Frame>
																							</Frame>
																					</Frame>
																					<Frame>: 30 0 RigLArmDigit21
																						<Transform>: -0.2262037 7.629394E-07 0.1311838 0.01926852 2.285841 3.830181 0.999998 1 1.000002 0.0008345993 0.01992964 0.03340841 0.9992427  
																						<TransformMatrix>: 0.9969714 0.06679936 -0.03977326 0 -0.06673297 0.9977666 0.00299957 0 0.03988493 -0.0003362996 0.9992058 0 -0.2262037 7.629394E-07 0.1311838 1  
																						<Children>: 1
																							<Frame>: 31 0 RigLArmDigit22
																								<Transform>: -0.1023973 2.288818E-07 4.005432E-07 0.2845379 3.742275 15.10467 0.9999976 1.000001 1.000001 0.006751664 0.03204218 0.1312809 0.9908043  
																								<TransformMatrix>: 0.9634749 0.2605793 -0.06172219 0 -0.2597149 0.9654406 0.02179223 0 0.06526786 -0.004966108 0.9978565 0 -0.1023973 2.288818E-07 4.005432E-07 1  
																								<Children>: 1
																									<Frame>: 32 0 RigLArmDigit23
																										<Transform>: -0.0978286 1.525879E-07 3.242493E-07 358.0179 359.3062 1.000257 0.9999974 1.000001 1.000001 -0.01734834 -0.005902054 0.0086226 0.9997949  
																										<TransformMatrix>: 0.999779 0.0174464 0.01150248 0 -0.0170369 0.9992504 -0.03479138 0 -0.01210088 0.03458783 0.9993298 0 -0.0978286 1.525879E-07 3.242493E-07 1  
																										<Children>: 0
																									</Frame>
																							</Frame>
																					</Frame>
																					<Frame>: 33 0 RigLArmDigit31
																						<Transform>: -0.2262031 4.577637E-07 -0.01345046 359.9878 358.6066 3.123963 0.9999976 1 1.000002 -0.0004375323 -0.0121518 0.02725504 0.9995546  
																						<TransformMatrix>: 0.9982166 0.05449629 0.02426887 0 -0.05447517 0.9985141 -0.001537071 0 -0.02431668 0.0002122797 0.9997063 0 -0.2262031 4.577637E-07 -0.01345046 1  
																						<Children>: 1
																							<Frame>: 34 0 RigLArmDigit32
																								<Transform>: -0.1184959 1.525879E-07 4.386902E-07 0.08840079 1.390949 13.25348 0.9999972 1.000001 1.000002 0.002166968 0.0119679 0.1153829 0.9932466  
																								<TransformMatrix>: 0.9730844 0.2292586 -0.02327403 0 -0.2291557 0.973365 0.007066457 0 0.02427427 -0.001542887 0.999706 0 -0.1184959 1.525879E-07 4.386902E-07 1  
																								<Children>: 1
																									<Frame>: 35 0 RigLArmDigit33
																										<Transform>: -0.1113158 7.629394E-08 3.433227E-07 0.0001434276 0.0003233581 3.623584 0.9999971 1.000001 1.000002 1.340233E-06 2.780849E-06 0.03161646 0.9995001  
																										<TransformMatrix>: 0.9979979 0.06320113 -5.474154E-06 0 -0.06320138 0.9980018 2.854969E-06 0 5.643675E-06 -2.503289E-06 1.000002 0 -0.1113158 7.629394E-08 3.433227E-07 1  
																										<Children>: 0
																									</Frame>
																							</Frame>
																					</Frame>
																					<Frame>: 36 0 RigLArmDigit41
																						<Transform>: -0.2262025 0 -0.1644247 359.957 354.7873 3.926195 0.999997 1 1.000003 -0.001932098 -0.04543406 0.03420333 0.9983798  
																						<TransformMatrix>: 0.9935288 0.06847119 0.09058845 0 -0.06812028 0.997653 -0.006965929 0 -0.09085329 0.0007499444 0.9958667 0 -0.2262025 0 -0.1644247 1  
																						<Children>: 1
																							<Frame>: 37 0 RigLArmDigit42
																								<Transform>: -0.1006255 1.525879E-07 3.623962E-07 0.1375146 1.95628 11.90561 0.9999968 1.000001 1.000002 0.002963808 0.01685443 0.1036737 0.9944642  
																								<TransformMatrix>: 0.9779322 0.2062988 -0.03290762 0 -0.2060998 0.9784868 0.009389533 0 0.03413688 -0.002400085 0.9994165 0 -0.1006255 1.525879E-07 3.623962E-07 1  
																								<Children>: 1
																									<Frame>: 38 0 RigLArmDigit43
																										<Transform>: -0.1147697 0 3.242493E-07 0.9250815 3.118267 4.198112 0.999997 1.000001 1.000002 0.009060913 0.02689394 0.03639299 0.9989346  
																										<TransformMatrix>: 0.9959015 0.07319558 -0.05307091 0 -0.07222115 0.997188 0.02006004 0 0.05439018 -0.01614505 0.9983912 0 -0.1147697 0 3.242493E-07 1  
																										<Children>: 0
																									</Frame>
																							</Frame>
																					</Frame>
																			</Frame>
																	</Frame>
															</Frame>
													</Frame>
													<Frame>: 39 0 RigNeck
														<Transform>: -0.05641311 0.08071236 -1.571605E-08 2.449185E-05 3.816845E-05 342.063 1 0.9999995 0.9999999 1.591941E-07 3.623292E-07 -0.1558911 0.9877743  
														<TransformMatrix>: 0.9513962 -0.3079704 -7.65433E-07 0 0.3079702 0.9513955 2.015278E-07 0 6.66165E-07 -4.274634E-07 0.9999999 0 -0.05641311 0.08071236 -1.571605E-08 1  
														<Children>: 1
															<Frame>: 40 0 RigHead
																<Transform>: -0.168313 0 0 -1.188652E-05 -4.294411E-05 22.93697 0.9999998 1.000001 1 -1.761711E-07 -3.466513E-07 0.1988289 0.9800342  
																<TransformMatrix>: 0.9209338 0.3897182 6.094044E-07 0 -0.3897186 0.9209346 -4.831564E-07 0 -7.495163E-07 2.074589E-07 1 0 -0.168313 0 0 1  
																<Children>: 2
																	<Frame>: 41 0 RigHair1
																		<Transform>: -0.3983569 0.03111773 -6.058853E-09 -3.855078E-09 2.932414E-07 1.506284 1 1 1 -2.228852E-15 2.559235E-09 0.01314443 0.9999136  
																		<TransformMatrix>: 0.9996545 0.02628658 -5.118028E-09 0 -0.02628658 0.9996545 6.727489E-11 0 5.118028E-09 6.72838E-11 1 0 -0.3983569 0.03111773 -6.058853E-09 1  
																		<Children>: 1
																			<Frame>: 42 0 RigHair2
																				<Transform>: -0.1326827 0 9.094947E-15 -8.056251E-08 1.338332E-06 6.890135 1 1 1 4.839046E-14 1.170029E-08 0.06009156 0.9981929  
																				<TransformMatrix>: 0.992778 0.1199659 -2.33583E-08 0 -0.1199659 0.992778 1.406274E-09 0 2.335831E-08 1.406081E-09 1 0 -0.1326827 0 9.094947E-15 1  
																				<Children>: 0
																			</Frame>
																	</Frame>
																	<Frame>: 43 0 RigJaw
																		<Transform>: -0.05057449 0.116986 -2.277802E-08 -1.323349E-05 -1.085025E-05 255 1 1 1 4.817453E-09 -1.49261E-07 -0.7933533 0.6087614  
																		<TransformMatrix>: -0.258819 -0.9659258 1.740847E-07 0 0.9659258 -0.258819 2.426987E-07 0 -1.893725E-07 2.30968E-07 1 0 -0.05057449 0.116986 -2.277802E-08 1  
																		<Children>: 0
																	</Frame>
															</Frame>
													</Frame>
													<Frame>: 44 0 RigRArmCollarbone
														<Transform>: -0.07210739 0.3802842 -0.1346824 357.6292 251.6402 29.85697 1 1 1 -0.2205422 -0.780204 0.1345248 0.5696895  
														<TransformMatrix>: -0.2536304 0.4974105 0.8296112 0 0.1908611 0.8665286 -0.4611948 0 -0.9482847 0.04136755 -0.3147143 0 -0.07210739 0.3802842 -0.1346824 1  
														<Children>: 1
															<Frame>: 45 0 RigRArm1
																<Transform>: -0.4562247 -5.722046E-08 3.051758E-07 348.7588 329.9515 334.0636 0.9999999 1 1 -0.03428674 -0.2726291 -0.2404381 0.9309604  
																<TransformMatrix>: 0.7357258 -0.4289816 0.5241013 0 0.4663719 0.8820279 0.06726165 0 -0.4911261 0.1949401 0.8489958 0 -0.4562247 -5.722046E-08 3.051758E-07 1  
																<Children>: 1
																	<Frame>: 46 0 RigRArm2
																		<Transform>: -0.513234 4.768371E-08 4.577637E-07 339.4969 341.0302 348.043 0.9999995 0.9999999 1.000001 -0.1576931 -0.1795582 -0.1302591 0.9622496  
																		<TransformMatrix>: 0.9015824 -0.1940533 0.3866414 0 0.3073138 0.9163308 -0.2567021 0 -0.3044779 0.3502588 0.885784 0 -0.513234 4.768371E-08 4.577637E-07 1  
																		<Children>: 1
																			<Frame>: 47 0 RigRArmPalm
																				<Transform>: -0.2377201 -9.155273E-07 -7.629394E-07 69.12469 161.5531 181.1511 1.000002 0.9999999 0.9999982 0.8119076 -0.09909067 0.1376145 0.5586137  
																				<TransformMatrix>: 0.9424883 -0.007158292 0.3341679 0 -0.3146516 -0.3562636 0.8798128 0 0.1127535 -0.9343564 -0.3380254 0 -0.2377201 -9.155273E-07 -7.629394E-07 1  
																				<Children>: 4
																					<Frame>: 48 0 RigRArmDigit11
																						<Transform>: -0.05972793 -0.01285599 -0.1883208 330.7395 298.2948 14.76405 0.9999972 0.9999998 1.000003 -0.2787947 -0.4642302 -0.02173136 0.8404115  
																						<TransformMatrix>: 0.5680345 0.2223227 0.7924039 0 0.2953764 0.8436024 -0.4484278 0 -0.7681739 0.4887827 0.4135289 0 -0.05972793 -0.01285599 -0.1883208 1  
																						<Children>: 1
																							<Frame>: 49 0 RigRArmDigit12
																								<Transform>: -0.07123131 -2.288818E-07 -1.525879E-07 1.095492 5.12911 2.052512 0.9999973 0.9999994 1.000003 0.0103501 0.04456472 0.01746415 0.9988002  
																								<TransformMatrix>: 0.9954152 0.03580879 -0.08866074 0 -0.03396387 0.9991752 0.02223191 0 0.0893843 -0.01911885 0.9958171 0 -0.07123131 -2.288818E-07 -1.525879E-07 1  
																								<Children>: 1
																									<Frame>: 50 0 RigRArmDigit13
																										<Transform>: -0.08143299 -4.577637E-07 -3.814697E-08 14.41959 5.806107 6.539483 0.999998 0.9999979 1.000004 0.1280036 0.04301482 0.0501673 0.9895697  
																										<TransformMatrix>: 0.991264 0.1103 -0.072289 0 -0.08827578 0.9621946 0.2576523 0 0.09797592 -0.2490221 0.9635335 0 -0.08143299 -4.577637E-07 -3.814697E-08 1  
																										<Children>: 0
																									</Frame>
																							</Frame>
																					</Frame>
																					<Frame>: 51 0 RigRArmDigit21
																						<Transform>: -0.2262035 -6.866455E-07 -0.1311815 359.981 357.7146 3.830387 1.000002 0.9999996 0.9999986 -0.0008320152 -0.01992562 0.03341026 0.9992427  
																						<TransformMatrix>: 0.9969751 0.06680318 0.03976553 0 -0.06673674 0.9977658 -0.002994209 0 -0.0398766 0.0003313296 0.9992031 0 -0.2262035 -6.866455E-07 -0.1311815 1  
																						<Children>: 1
																							<Frame>: 52 0 RigRArmDigit22
																								<Transform>: -0.1023977 -1.525879E-07 4.005432E-07 359.7158 356.2582 15.10482 1.000002 0.9999987 0.9999992 -0.006748553 -0.03203842 0.1312823 0.9908042  
																								<TransformMatrix>: 0.963479 0.260583 0.06171579 0 -0.2597173 0.9654376 -0.02178511 0 -0.06525947 0.004960834 0.9978552 0 -0.1023977 -1.525879E-07 4.005432E-07 1  
																								<Children>: 1
																									<Frame>: 53 0 RigRArmDigit23
																										<Transform>: -0.09782898 -3.051758E-07 3.242493E-07 1.982525 0.6941418 1.000394 1.000002 0.9999989 0.9999989 0.01735183 0.00590533 0.008623719 0.9997948  
																										<TransformMatrix>: 0.9997836 0.01744887 -0.01150899 0 -0.01703895 0.999248 0.03479835 0 0.0121075 -0.03459464 0.9993269 0 -0.09782898 -3.051758E-07 3.242493E-07 1  
																										<Children>: 0
																									</Frame>
																							</Frame>
																					</Frame>
																					<Frame>: 54 0 RigRArmDigit31
																						<Transform>: -0.226204 -3.051758E-07 0.0134522 0.01243544 1.393821 3.124151 1.000002 0.9999997 0.999998 0.0004400366 0.0121556 0.02725664 0.9995545  
																						<TransformMatrix>: 0.9982208 0.05449982 -0.02427644 0 -0.05447829 0.9985135 0.001542322 0 0.02432431 -0.0002170389 0.9997022 0 -0.226204 -3.051758E-07 0.0134522 1  
																						<Children>: 1
																							<Frame>: 55 0 RigRArmDigit32
																								<Transform>: -0.1184965 -1.525879E-07 4.386902E-07 359.9119 358.6095 13.2536 1.000003 0.9999991 0.9999983 -0.002163882 -0.0119644 0.1153839 0.9932466  
																								<TransformMatrix>: 0.9730892 0.2292618 0.0232679 0 -0.2291574 0.9733628 -0.00705953 0 -0.02426651 0.001537535 0.9997026 0 -0.1184965 -1.525879E-07 4.386902E-07 1  
																								<Children>: 1
																									<Frame>: 56 0 RigRArmDigit33
																										<Transform>: -0.1113164 -7.629394E-08 3.480911E-07 0.0002501857 3.418092E-05 3.623675 1.000003 0.999999 0.9999982 2.191622E-06 2.291063E-07 0.03161726 0.9995001  
																										<TransformMatrix>: 0.9980033 0.06320307 -3.193983E-07 0 -0.06320284 0.9979997 4.395535E-06 0 5.965687E-07 -4.366557E-06 0.9999982 0 -0.1113164 -7.629394E-08 3.480911E-07 1  
																										<Children>: 0
																									</Frame>
																							</Frame>
																					</Frame>
																					<Frame>: 57 0 RigRArmDigit41
																						<Transform>: -0.2262045 0 0.1644258 0.04323363 5.213093 3.926356 1.000003 0.9999997 0.9999975 0.001934592 0.04543752 0.03420462 0.9983796  
																						<TransformMatrix>: 0.9935336 0.06847437 -0.09059568 0 -0.06812257 0.9976523 0.00697126 0 0.0908599 -0.0007545673 0.9958609 0 -0.2262045 0 0.1644258 1  
																						<Children>: 1
																							<Frame>: 58 0 RigRArmDigit42
																								<Transform>: -0.100626 -7.629394E-08 3.433227E-07 359.8628 358.0441 11.9057 1.000003 0.9999993 0.9999979 -0.002960652 -0.01685117 0.1036745 0.9944642  
																								<TransformMatrix>: 0.9779382 0.2063016 0.03290198 0 -0.2061013 0.9784849 -0.009382593 0 -0.03412958 0.002394445 0.9994124 0 -0.100626 -7.629394E-08 3.433227E-07 1  
																								<Children>: 1
																									<Frame>: 59 0 RigRArmDigit43
																										<Transform>: -0.1147705 -1.525879E-07 3.242493E-07 359.0753 356.8821 4.198194 1.000003 0.999999 0.9999983 -0.009057336 -0.02689089 0.03639382 0.9989346  
																										<TransformMatrix>: 0.9959075 0.07319742 0.05306536 0 -0.07222292 0.9971859 -0.02005268 0 -0.05438364 0.01613802 0.9983879 0 -0.1147705 -1.525879E-07 3.242493E-07 1  
																										<Children>: 0
																									</Frame>
																							</Frame>
																					</Frame>
																			</Frame>
																	</Frame>
															</Frame>
													</Frame>
											</Frame>
									</Frame>
							</Frame>
					</Frame>
			</Frame>
			<Frame>: 60 0 RigPelvisGizmo
				<Transform>: 2.542599E-14 0.6584287 -7.394637E-08 0.3904935 276.2482 262.8548 1 1 1 -0.5021785 0.4397726 0.5567834 -0.4943774  
				<TransformMatrix>: -0.006815314 -0.992211 -0.124382 0 0.1088336 -0.1243821 0.986248 0 -0.9940369 -0.006815345 0.1088336 0 2.542599E-14 0.6584287 -7.394637E-08 1  
				<Children>: 0
			</Frame>
			<Frame>: 61 0 RigRArm1Gizmo
				<Transform>: 0.5273739 1.43566 0.04793711 315.0093 86.96773 135.2039 1 1 1 0.4820453 0.4989258 0.7201121 0.01200446  
				<TransformMatrix>: -0.5349767 0.4982987 0.6822746 0 0.4637205 -0.5018581 0.7301384 0 0.706232 0.7069916 0.03741086 0 0.5273739 1.43566 0.04793711 1  
				<Children>: 0
			</Frame>
			<Frame>: 62 0 RigRArm2Gizmo
				<Transform>: 0.8019426 1.179916 -0.3022301 338.2534 86.61304 72.52052 0.9999997 0.9999999 1 0.287709 0.6243287 0.5270007 0.4997075  
				<TransformMatrix>: -0.335032 0.8859421 -0.3207176 0 -0.1674424 0.2789876 0.9455839 0 0.9272094 0.3705027 0.05487449 0 0.8019426 1.179916 -0.3022301 1  
				<Children>: 0
			</Frame>
			<Frame>: 63 0 RigRArmPalmGizmo
				<Transform>: 0.8815864 0.9693096 -0.2259891 25.20863 171.1742 63.71906 1.000002 0.9999953 1.000004 0.5278515 0.817556 -0.1451567 0.1786186  
				<TransformMatrix>: -0.3789373 0.8112425 -0.4453045 0 0.9149474 0.4006028 -0.04877903 0 0.1388195 -0.4259171 -0.8940533 0 0.8815864 0.9693096 -0.2259891 1  
				<Children>: 0
			</Frame>
			<Frame>: 64 0 RigRibcageGizmo
				<Transform>: -0.00265469 1.522738 0.03210642 2.996648 280.4157 240.1946 0.9999997 1.000001 1 -0.5636013 0.3034509 0.6561565 -0.3996621  
				<TransformMatrix>: -0.04524766 -0.8665322 -0.4970656 0 0.1824312 -0.496376 0.8487232 0 -0.9821771 -0.05227754 0.1805422 0 -0.00265469 1.522738 0.03210642 1  
				<Children>: 0
			</Frame>
			<Frame>: 65 0 RigRLegPlatform
				<Transform>: 0.3628728 9.743365E-09 -0.2229019 0 285 270 1 1 1 0.4304594 -0.4304594 -0.5609855 0.5609855  
				<TransformMatrix>: -1.192093E-07 -1 0 0 0.2588189 -1.192093E-07 0.9659262 0 -0.9659262 0 0.2588187 0 0.3628728 9.743365E-09 -0.2229019 1  
				<Children>: 0
			</Frame>
			<Frame>: 66 0 Shadow
				<Transform>: 0 0 0 270 0 0 1 1 1 -0.7071068 0 0 0.7071068  
				<TransformMatrix>: 1 0 0 0 0 -1.192093E-07 -1 0 0 1 -1.192093E-07 0 0 0 0 1  
				<SkinningInfo>: Shadow
					<BonesPerVertex>: 4
					<Bounds>: -0.4558536 -0.05068639 -0.000403583 1.374612 0.4558995 1.27511
					<BoneNames>: 49 RigRibcage RigRArm1 RigRArmCollarbone RigSpine2 Pelvis RigSpine1 RigRLeg1 RigHead RigJaw RigRLegAnkle RigRLeg2 RigHair1 RigHair2 RigRArm2 RigRArmDigit11 RigRArmPalm RigLLeg1 RigRArmDigit21 RigRArmDigit31 RigRArmDigit41 RigRArmDigit33 RigRArmDigit23 RigRArmDigit43 RigRArmDigit32 RigRArmDigit42 RigRArmDigit22 RigRArmDigit13 RigRArmDigit12 RigRLegToes1 RigLArm1 RigLArm2 RigSpine3 RigLLeg2 RigLArmPalm RigLArmDigit11 RigLLegAnkle RigLArmDigit21 RigLArmDigit22 RigLArmDigit31 RigLArmDigit41 RigLArmDigit32 RigLArmDigit42 RigLArmDigit33 RigLArmDigit43 RigLArmDigit23 RigLArmDigit12 RigLArmDigit13 RigLLegToes1 RigLArmCollarbone  
					<BoneOffsets>: 49 -3.809747E-09 -1.511621E-07 -1 0 0.08715558 -0.9961949 1.502549E-07 0 -0.9961948 -0.08715558 1.696988E-08 0 1.56741 0.3324604 -4.758983E-08 1 -0.6432683 0.04104756 0.7645398 0 -0.08256825 -0.9964573 -0.01597221 0 0.7611756 -0.07340113 0.6443786 0 -0.8334779 0.1369606 -1.379841 1 -0.8296111 0.4611947 0.3147138 0 -0.5176228 -0.8465964 -0.1238579 0 0.2093131 -0.265657 0.9410708 0 -0.3278852 0.2093634 -1.599094 1 1.733619E-09 -3.630332E-07 -1 0 -0.3614454 -0.9323933 3.378631E-07 0 -0.9323933 0.3614454 -1.328331E-07 0 1.05918 -0.2899716 1.003749E-07 1 6.123234E-17 -1.509958E-07 -1 0 -6.123234E-17 -1 1.509958E-07 0 -1 6.123233E-17 -6.123235E-17 0 0.7270307 7.094776E-08 1.475773E-14 1 6.498339E-09 -7.211381E-07 -1 0 -0.01246599 -0.999922 7.210012E-07 0 -0.9999221 0.01246599 -1.548754E-08 0 0.7889146 0.0988415 -7.09018E-08 1 -0.2628591 0.02140975 0.9645965 0 0.1107929 -0.9924708 0.05222021 0 0.9584519 0.120597 0.2585078 0 -0.5394844 -0.08091435 -0.3932208 1 6.128283E-17 -1.509958E-07 -1 0 -4.440892E-14 -1 1.509958E-07 0 -1 -5.551115E-15 -6.123519E-17 0 1.79459 0.04367026 -1.302844E-07 1 -2.8234E-08 -2.453056E-07 -1 0 0.9659259 0.2588189 -9.076169E-08 0 0.2588189 -0.9659259 2.296396E-07 0 -0.4067458 1.801267 -5.489539E-07 1 2.161286E-07 9.840653E-08 1 0 0.8539861 -0.5202959 -1.333702E-07 0 0.5202959 0.8539861 -1.964889E-07 0 -0.07166731 -0.1017268 -0.3766354 1 -0.2596554 0.06620411 0.963429 0 -0.1204772 -0.9920723 0.03570268 0 0.9581586 -0.1068005 0.2655728 0 -0.3080698 -0.003465079 -0.3961307 1 1.148814E-09 -1.510111E-07 -1 0 -0.02628674 -0.9996543 1.509287E-07 0 -0.9996545 0.02628674 -5.118005E-09 0 2.192519 -0.04509716 -1.130012E-07 1 6.382652E-09 -1.514643E-07 -1 0 -0.1460214 -0.9892815 1.489089E-07 0 -0.9892815 0.1460214 -2.843128E-08 0 2.302999 -0.3237164 -5.875185E-08 1 -0.2923217 -0.3563227 0.8874579 0 0.1127483 -0.9343621 -0.3380166 0 0.9496506 0.001249768 0.3133089 0 -0.8488089 0.3812837 -1.076764 1 0.2356634 0.8503326 0.4705284 0 0.7924082 -0.448431 0.4135216 0 0.562632 0.2753988 -0.7794868 0 -0.5936398 -1.057309 0.2984189 1 0.02359773 0.9997215 0.0001676289 0 -1.04308E-06 -0.0001676508 1.000001 0 0.9997207 -0.02359776 -2.913395E-06 0 -0.9384879 -0.890901 -0.06134216 1 0.2631756 -0.02141444 0.9645103 0 0.1108007 -0.992467 -0.05226816 0 0.9583642 0.1206241 -0.2588204 0 -0.5393535 -0.08093243 0.3933967 1 0.09030893 0.9959138 -0.0005640187 0 0.03976836 -0.0030403 0.9992049 0 0.9951186 -0.09025959 -0.03988048 0 -0.7668595 -0.8416011 0.09800665 1 0.07803848 0.9969506 0.0003974504 0 -0.02427352 0.001501519 0.9997052 0 0.9966537 -0.07802514 0.02431671 0 -0.7577565 -0.8508959 -0.09178636 1 0.09189856 0.9957676 0.001402774 0 -0.09059264 0.006957837 0.995865 0 0.9916373 -0.09164565 0.09084883 0 -0.7482398 -0.8418676 -0.2887394 1 0.3640985 0.9313606 7.490969E-06 0 -7.762537E-08 -8.012688E-06 1.000001 0 0.931359 -0.3640993 -2.845114E-06 0 -0.7495831 -0.6349899 -0.07752518 1 0.3627978 0.9313915 -0.02980087 0 0.08713107 -0.002065289 0.9961953 0 0.9277844 -0.3640145 -0.08190253 0 -0.7682317 -0.623953 0.149987 1 0.3640987 0.9313606 7.520507E-06 0 -2.123414E-07 -7.99174E-06 1.000001 0 0.931359 -0.3640994 -2.71202E-06 0 -0.7634344 -0.6295736 -0.2409805 1 0.304507 0.9525104 1.144913E-05 0 -2.803274E-06 -1.112378E-05 1.000001 0 0.9525086 -0.3045074 -7.171266E-07 0 -0.8192677 -0.6810955 -0.07752959 1 0.2953431 0.9553911 0.0006509362 0 -0.05438713 0.01613269 0.9983906 0 0.9538405 -0.2949034 0.0567258 0 -0.8165029 -0.6875725 -0.2684807 1 0.3464889 0.9380533 -0.001546919 0 0.09920518 -0.03500362 0.9944517 0 0.9327925 -0.3447203 -0.1051882 0 -0.8534465 -0.6420769 0.1370145 1 0.2811255 0.9221312 0.2657899 0 0.6427467 -0.3865856 0.6613834 0 0.7126338 -0.01509617 -0.7013729 0 -0.6319064 -0.8789105 0.4685535 1 0.2233122 0.8520906 0.4733639 0 0.7360573 -0.4657778 0.4911942 0 0.639026 0.2387333 -0.7311986 0 -0.584331 -1.032062 0.2706912 1 -1.776357E-13 8.742281E-08 1 0 1 7.105427E-13 -8.881784E-14 0 0 1 -8.742294E-08 0 0.1955139 -1.959349E-06 -0.3766354 1 0.6432673 -0.04104827 0.7645406 0 -0.08256865 -0.9964573 0.01597151 0 0.7611764 -0.07340103 -0.6443778 0 -0.8334795 0.1369603 1.37984 1 0.2923248 0.3563627 0.8874423 0 0.1127573 -0.9343468 0.3380562 0 0.9496471 0.00124337 -0.3133161 0 -0.8488026 0.3813235 1.076755 1 -5.447087E-08 -3.647917E-05 -1 0 -0.004081741 -0.9999918 3.647908E-05 0 -0.9999919 0.004081741 -9.442807E-08 0 1.30195 0.1880935 -6.939528E-06 1 0.2593924 -0.06626228 0.9634961 0 -0.1204671 -0.992073 -0.03579514 0 0.9582272 -0.106785 -0.2653187 0 -0.3081771 -0.003493431 0.3961252 1 -0.02359409 -0.9997222 -0.0005161927 0 6.973774E-06 0.0005161737 -0.9999971 0 0.9997237 -0.02359406 -5.206782E-06 0 -0.9384875 -0.8909472 0.06072334 1 -0.2356545 -0.8503408 0.4705205 0 0.7924051 -0.4484201 -0.4135327 0 0.5626293 0.2753924 0.7794932 0 -0.5936269 -1.057312 -0.298432 1 1.327392E-07 -1.062159E-07 1 0 0.853986 -0.5202958 -1.686213E-07 0 0.5202959 0.8539861 2.164317E-08 0 -0.07166296 -0.1017284 0.3766356 1 -0.09030543 -0.9959143 -0.0007426091 0 0.03977644 -0.002861689 -0.9992021 0 0.9951214 -0.09026299 0.03987217 0 -0.766857 -0.8415885 -0.09816688 1 -0.3464872 -0.9380526 -0.001589935 0 0.09921239 -0.03496013 -0.9944506 0 0.9327963 -0.3447213 0.1051793 0 -0.8534464 -0.6420752 -0.1370527 1 -0.07803534 -0.9969513 0.0002395171 0 -0.02426602 0.001659211 -0.9997013 0 0.9966578 -0.07801792 -0.02432136 0 -0.7577576 -0.8509144 0.09164239 1 -0.09189606 -0.9957681 0.001355946 0 -0.09058615 0.007003755 -0.9958602 0 0.9916431 -0.09163854 -0.09084572 0 -0.7482448 -0.8418837 0.2886908 1 -0.3045059 -0.9525104 -3.519161E-05 0 3.661986E-06 3.577556E-05 -0.9999973 0 0.952514 -0.3045048 -7.40575E-06 0 -0.8192716 -0.6811017 0.07748756 1 -0.2953426 -0.9553912 0.0006093688 0 -0.05438139 0.01617412 -0.9983857 0 0.9538465 -0.2948988 -0.05673201 0 -0.8165096 -0.6875849 0.2684422 1 -0.3640983 -0.9313604 -2.989195E-05 0 5.968076E-06 2.976189E-05 -0.9999973 0 0.9313642 -0.3640968 -5.277796E-06 0 -0.7495875 -0.6349953 0.07749113 1 -0.3640985 -0.9313602 -2.990878E-05 0 5.845023E-06 2.982806E-05 -0.9999973 0 0.9313643 -0.3640969 -5.416501E-06 0 -0.7634408 -0.6295837 0.2409467 1 -0.3627965 -0.9313902 -0.02984166 0 0.08713812 -0.002023934 -0.9961923 0 0.9277887 -0.3640148 0.08189355 0 -0.7682322 -0.6239508 -0.1500232 1 -0.2233035 -0.8520992 0.4733541 0 0.7360553 -0.4657643 -0.491206 0 0.6390219 0.2387268 0.7312058 0 -0.5843168 -1.032064 -0.2707072 1 -0.2811171 -0.9221352 0.265776 0 0.6427476 -0.3865679 -0.6613941 0 0.7126302 -0.01510223 0.7013788 0 -0.6318925 -0.8789086 -0.468573 1 0 8.742287E-08 1 0 1 -7.105427E-13 0 0 -3.552714E-13 1 -8.742324E-08 0 0.1955183 -1.073336E-06 0.3766357 1 0.8296108 -0.4611949 0.3147142 0 -0.517623 -0.8465964 0.1238575 0 0.2093134 -0.2656569 -0.9410708 0 -0.3278858 0.2093633 1.599093 1  
